{
  "camera_angle_x": 1.1730714742053154,
  "camera_angle_y": 1.1730714742053154,
  "fl_x": 951.0195898461268,
  "fl_y": 951.0195898461268,
  "k1": -0.056863575777794065,
  "k2": 0,
  "k3": 0,
  "k4": 0,
  "p1": 0,
  "p2": 0,
  "is_fisheye": false,
  "cx": 632.0,
  "cy": 632.0,
  "w": 1264.0,
  "h": 1264.0,
  "aabb_scale": 16,
  "frames": [
    {
      "file_path": "./images/0.jpg",
      "sharpness": 211.49669836971313,
      "transform_matrix": [
        [
          0.7742807358327134,
          0.003609028609680143,
          0.6328319816767605,
          2.6812140892292486
        ],
        [
          0.6261744735907852,
          -0.1491477420404669,
          -0.7652845743039212,
          -3.073966296502055
        ],
        [
          0.09162352723487321,
          0.9888083363113239,
          -0.11774210504472105,
          -0.35110585552314966
        ],
        [
          0.0,
          0.0,
          0.0,
          1.0
        ]
      ]
    },
    {
      "file_path": "./images/1.jpg",
      "sharpness": 206.53834699252172,
      "transform_matrix": [
        [
          0.6441945415545061,
          -0.0026602976086366704,
          0.7648570555666611,
          3.0517314787568135
        ],
        [
          0.7602043935607042,
          -0.10795877679576818,
          -0.6406513736220067,
          -2.4532999146867556
        ],
        [
          0.08427735545980608,
          0.9941518120143726,
          -0.0675240847944705,
          -0.12870642279752023
        ],
        [
          0.0,
          0.0,
          0.0,
          1.0
        ]
      ]
    },
    {
      "file_path": "./images/10.jpg",
      "sharpness": 199.21536512551629,
      "transform_matrix": [
        [
          -0.5462364277000602,
          -0.0020097764356906277,
          0.8376286324226535,
          2.8797735198397634
        ],
        [
          0.8287101247753714,
          -0.1468535386451541,
          0.5400681135580818,
          1.959992048199492
        ],
        [
          0.12192331257347082,
          0.989156205555078,
          0.08188227442543351,
          0.3877322609364833
        ],
        [
          0.0,
          0.0,
          0.0,
          1.0
        ]
      ]
    },
    {
      "file_path": "./images/11.jpg",
      "sharpness": 202.17549583143915,
      "transform_matrix": [
        [
          -0.8694465729512019,
          0.06280639090251147,
          0.49001838133615044,
          1.655587387479394
        ],
        [
          0.455329440843983,
          -0.2829527892151767,
          0.8441639765922604,
          2.998041899586332
        ],
        [
          0.19167096046544185,
          0.9570752720340621,
          0.21741473403904998,
          0.8118577574754394
        ],
        [
          0.0,
          0.0,
          0.0,
          1.0
        ]
      ]
    },
    {
      "file_path": "./images/116.jpg",
      "sharpness": 219.6312416693083,
      "transform_matrix": [
        [
          0.9053768106982223,
          0.04127276101855352,
          0.4225983789011854,
          1.280268700753497
        ],
        [
          0.31388774184934926,
          -0.7353099466614966,
          -0.6006611089935688,
          -1.7032666379845112
        ],
        [
          0.2859498490444347,
          0.6764730900335436,
          -0.6786875881390676,
          -2.3443924431422247
        ],
        [
          0.0,
          0.0,
          0.0,
          1.0
        ]
      ]
    },
    {
      "file_path": "./images/117.jpg",
      "sharpness": 229.64196296706456,
      "transform_matrix": [
        [
          0.9191198613483306,
          0.01932405885584379,
          0.3935038261903569,
          1.6139968530858224
        ],
        [
          0.34760455855442196,
          -0.5099068146934657,
          -0.7868710893160008,
          -3.176906432528513
        ],
        [
          0.18544473934051173,
          0.8600125703035076,
          -0.47538261176969243,
          -2.170773676432991
        ],
        [
          0.0,
          0.0,
          0.0,
          1.0
        ]
      ]
    },
    {
      "file_path": "./images/118.jpg",
      "sharpness": 220.9782798321304,
      "transform_matrix": [
        [
          0.9005655361411259,
          -0.06696802823898808,
          0.4295311377661901,
          1.7430895483202837
        ],
        [
          0.3538146818174789,
          -0.4611712068491592,
          -0.8137175731810681,
          -3.4322274803946895
        ],
        [
          0.252580454602277,
          0.8847804253987088,
          -0.3916206235456416,
          -1.789016341773829
        ],
        [
          0.0,
          0.0,
          0.0,
          1.0
        ]
      ]
    },
    {
      "file_path": "./images/119.jpg",
      "sharpness": 205.7321702597183,
      "transform_matrix": [
        [
          0.8654198541317961,
          -0.023459933275299633,
          0.5004978597429848,
          2.1602018500154374
        ],
        [
          0.4701646352288469,
          -0.3072476322526224,
          -0.8273718077474498,
          -3.7718943991885774
        ],
        [
          0.17318686975715633,
          0.9513403828324376,
          -0.25486817011553003,
          -1.144120379381059
        ],
        [
          0.0,
          0.0,
          0.0,
          1.0
        ]
      ]
    },
    {
      "file_path": "./images/12.jpg",
      "sharpness": 214.82430323588005,
      "transform_matrix": [
        [
          -0.9866123083825743,
          0.0629582442669531,
          0.15044072729457347,
          0.46377232965847365
        ],
        [
          0.14598465460382268,
          -0.07025337700547482,
          0.9867892093246304,
          3.7898592706677205
        ],
        [
          0.07269548521225708,
          0.9955404173112353,
          0.06012190891526856,
          0.33354895184615957
        ],
        [
          0.0,
          0.0,
          0.0,
          1.0
        ]
      ]
    },
    {
      "file_path": "./images/120.jpg",
      "sharpness": 216.48728794433313,
      "transform_matrix": [
        [
          0.7776423167903473,
          -0.02956103910615094,
          0.6280116018880502,
          2.6380465227782635
        ],
        [
          0.6243346463218102,
          -0.08129092905590242,
          -0.776915718888123,
          -3.279506618023766
        ],
        [
          0.07401808252360031,
          0.9962519409377676,
          -0.0447592855098278,
          -0.041957002139812676
        ],
        [
          0.0,
          0.0,
          0.0,
          1.0
        ]
      ]
    },
    {
      "file_path": "./images/121.jpg",
      "sharpness": 225.2238704611129,
      "transform_matrix": [
        [
          0.7412404352162234,
          -0.1689154632388054,
          0.6496385021543698,
          2.652695010840911
        ],
        [
          0.580356170524757,
          -0.3250098358695142,
          -0.74669627153342,
          -3.1706832121532176
        ],
        [
          0.33726744956446525,
          0.9305031826215127,
          -0.1428793008017835,
          -0.39178084365660637
        ],
        [
          0.0,
          0.0,
          0.0,
          1.0
        ]
      ]
    },
    {
      "file_path": "./images/122.jpg",
      "sharpness": 211.04580222410334,
      "transform_matrix": [
        [
          0.6632064121525422,
          -0.2114943810167899,
          0.7179327138946705,
          3.0110386703211116
        ],
        [
          0.6516528933782366,
          -0.3086191567230579,
          -0.6928944527525978,
          -3.0352189408281665
        ],
        [
          0.36811107214094757,
          0.9273749742708013,
          -0.06685727832901195,
          -0.09239234029154492
        ],
        [
          0.0,
          0.0,
          0.0,
          1.0
        ]
      ]
    },
    {
      "file_path": "./images/123.jpg",
      "sharpness": 212.11735296183969,
      "transform_matrix": [
        [
          0.4564298577953985,
          -0.11548802818129553,
          0.8822325658587751,
          3.55184608460798
        ],
        [
          0.8477750983696254,
          -0.24453950968867738,
          -0.4706142908854279,
          -1.828605819607694
        ],
        [
          0.2700910355747853,
          0.9627372141711281,
          -0.013707259180647639,
          0.12001804205081747
        ],
        [
          0.0,
          0.0,
          0.0,
          1.0
        ]
      ]
    },
    {
      "file_path": "./images/124.jpg",
      "sharpness": 204.74211964489155,
      "transform_matrix": [
        [
          0.2687292664313697,
          0.02540255706891821,
          0.9628807254586144,
          3.7014058560838556
        ],
        [
          0.9106035114052907,
          -0.3325611443498274,
          -0.24536570723124448,
          -0.8359982237998197
        ],
        [
          0.3139837995502117,
          0.9427395161787543,
          -0.11250057003033616,
          -0.3092301950582414
        ],
        [
          0.0,
          0.0,
          0.0,
          1.0
        ]
      ]
    },
    {
      "file_path": "./images/125.jpg",
      "sharpness": 203.0089799119255,
      "transform_matrix": [
        [
          0.12781392125069077,
          0.1477746154053252,
          0.9807274160430205,
          3.7372324483000092
        ],
        [
          0.9649168773537609,
          -0.24718787378351406,
          -0.08850748472447549,
          -0.0861491891010859
        ],
        [
          0.22934476521722197,
          0.957632924506125,
          -0.17418427188295113,
          -0.5167868623898484
        ],
        [
          0.0,
          0.0,
          0.0,
          1.0
        ]
      ]
    },
    {
      "file_path": "./images/126.jpg",
      "sharpness": 215.5776046782633,
      "transform_matrix": [
        [
          0.11577092521653082,
          -0.08006960568808544,
          0.9900434087056751,
          3.63475505400808
        ],
        [
          0.9767012835696947,
          -0.17215224869769918,
          -0.12813354729202225,
          -0.20136863550225026
        ],
        [
          0.18069780172410507,
          0.981810807393822,
          0.058273861540633444,
          0.3727966983599088
        ],
        [
          0.0,
          0.0,
          0.0,
          1.0
        ]
      ]
    },
    {
      "file_path": "./images/127.jpg",
      "sharpness": 216.50248536572317,
      "transform_matrix": [
        [
          0.00012020230241342693,
          -0.2213985804793313,
          0.9751833951186991,
          3.5377282112784436
        ],
        [
          0.974842865090938,
          -0.21733579731933192,
          -0.04946250685986362,
          0.002984936378763697
        ],
        [
          0.2228931895164186,
          0.9506565203938285,
          0.21580270225830334,
          0.9040782083667519
        ],
        [
          0.0,
          0.0,
          0.0,
          1.0
        ]
      ]
    },
    {
      "file_path": "./images/128.jpg",
      "sharpness": 203.42391692889603,
      "transform_matrix": [
        [
          -0.1923056004918904,
          0.16496980752397164,
          0.9673693806540739,
          3.492377925283385
        ],
        [
          0.9774736376213989,
          -0.055162475033630115,
          0.2037213516138023,
          1.0262256088845643
        ],
        [
          0.08697036147288091,
          0.9847548242866093,
          -0.15064558497219746,
          -0.5345605165681804
        ],
        [
          0.0,
          0.0,
          0.0,
          1.0
        ]
      ]
    },
    {
      "file_path": "./images/129.jpg",
      "sharpness": 213.19033301453075,
      "transform_matrix": [
        [
          -0.39718399963480594,
          0.29471815699088555,
          0.8691294945956461,
          2.872753558803211
        ],
        [
          0.9010878937465909,
          -0.054346728466093196,
          0.4302174343844819,
          1.6811616211386138
        ],
        [
          0.17402723401180406,
          0.9540375469796832,
          -0.24398131235256446,
          -0.6469719653520979
        ],
        [
          0.0,
          0.0,
          0.0,
          1.0
        ]
      ]
    },
    {
      "file_path": "./images/13.jpg",
      "sharpness": 233.8304418555397,
      "transform_matrix": [
        [
          -0.9961325787503247,
          -0.038469348809701695,
          -0.07899363744299001,
          -0.34323111616926016
        ],
        [
          -0.07729077187266256,
          -0.04390693669484377,
          0.9960413231856413,
          2.261048887469497
        ],
        [
          -0.04178542972901009,
          0.9982946910177968,
          0.040763804411921456,
          0.24495296551566334
        ],
        [
          0.0,
          0.0,
          0.0,
          1.0
        ]
      ]
    },
    {
      "file_path": "./images/130.jpg",
      "sharpness": 207.97533302336774,
      "transform_matrix": [
        [
          -0.613725529491833,
          0.12132087666211919,
          0.7801424352885781,
          2.706957859825216
        ],
        [
          0.7862435325420514,
          0.003995429492654337,
          0.6179038307689686,
          2.3899566271873933
        ],
        [
          0.07184763034734985,
          0.9926052999209676,
          -0.09783985171884964,
          -0.17454313936045582
        ],
        [
          0.0,
          0.0,
          0.0,
          1.0
        ]
      ]
    },
    {
      "file_path": "./images/131.jpg",
      "sharpness": 195.75325997444423,
      "transform_matrix": [
        [
          -0.818553227636332,
          -0.00519938505152955,
          0.5744071551811645,
          2.214178208122448
        ],
        [
          0.5735604975171408,
          -0.06241781041281753,
          0.8167817166361893,
          3.1780421049510785
        ],
        [
          0.03160647426402293,
          0.9980365641300111,
          0.05407446205234294,
          0.33814742097753375
        ],
        [
          0.0,
          0.0,
          0.0,
          1.0
        ]
      ]
    },
    {
      "file_path": "./images/132.jpg",
      "sharpness": 214.5201359513356,
      "transform_matrix": [
        [
          -0.8815665418031337,
          0.018100065396555547,
          0.4717126455883848,
          1.9086069005262623
        ],
        [
          0.4701107240555841,
          -0.057048896828836966,
          0.8807617898720107,
          3.4179498733281086
        ],
        [
          0.042852532046500184,
          0.9982072986135376,
          0.041783363842053445,
          0.28463589188554234
        ],
        [
          0.0,
          0.0,
          0.0,
          1.0
        ]
      ]
    },
    {
      "file_path": "./images/133.jpg",
      "sharpness": 200.9647957031617,
      "transform_matrix": [
        [
          -0.9557093982261279,
          0.13320953791657575,
          0.2624400220095897,
          1.0278804689887444
        ],
        [
          0.24731063476486156,
          -0.11992603099908462,
          0.9614859317852803,
          3.919631671481883
        ],
        [
          0.15955248690132798,
          0.9838053497002941,
          0.08167029953890091,
          0.36470607406423655
        ],
        [
          0.0,
          0.0,
          0.0,
          1.0
        ]
      ]
    },
    {
      "file_path": "./images/137.jpg",
      "sharpness": 194.03527039419194,
      "transform_matrix": [
        [
          -0.7951275736060673,
          0.1322890078073461,
          -0.5918376129537259,
          -2.4949191843251817
        ],
        [
          -0.5982328852133585,
          -0.3311347530982838,
          0.7297034948113097,
          2.5114761996141293
        ],
        [
          -0.09944625051756871,
          0.9342640920562797,
          0.34243400759028386,
          1.2099890348879447
        ],
        [
          0.0,
          0.0,
          0.0,
          1.0
        ]
      ]
    },
    {
      "file_path": "./images/138.jpg",
      "sharpness": 208.4766019314962,
      "transform_matrix": [
        [
          -0.645456896086302,
          0.19315074541422517,
          -0.7389710311254799,
          -3.0243389495766686
        ],
        [
          -0.7608715768310993,
          -0.24719200758460666,
          0.599975461962278,
          1.9758266684101145
        ],
        [
          -0.06678202502251616,
          0.9495203530910644,
          0.3065146981823255,
          1.0732581852123662
        ],
        [
          0.0,
          0.0,
          0.0,
          1.0
        ]
      ]
    },
    {
      "file_path": "./images/139.jpg",
      "sharpness": 197.68011498117465,
      "transform_matrix": [
        [
          -0.3405466847839704,
          0.2243398246582816,
          -0.9130715188620371,
          -3.657297643534058
        ],
        [
          -0.939149920480938,
          -0.03467905136406808,
          0.34175252779919,
          1.1226628219127575
        ],
        [
          0.04500424806131055,
          0.9738937346912478,
          0.22249856446201918,
          0.8347081769303466
        ],
        [
          0.0,
          0.0,
          0.0,
          1.0
        ]
      ]
    },
    {
      "file_path": "./images/140.jpg",
      "sharpness": 202.3223262411974,
      "transform_matrix": [
        [
          0.008058250763675731,
          0.22966694416496752,
          -0.9732359217346249,
          -3.8517652578024446
        ],
        [
          -0.9999593790623672,
          -0.0020793478061710657,
          -0.008770207403869442,
          -0.0897560788854784
        ],
        [
          -0.004037922712885432,
          0.9732670605094558,
          0.22964085897230524,
          0.8315131423780815
        ],
        [
          0.0,
          0.0,
          0.0,
          1.0
        ]
      ]
    },
    {
      "file_path": "./images/141.jpg",
      "sharpness": 209.56482958832746,
      "transform_matrix": [
        [
          0.1808209969805487,
          0.20210787707172317,
          -0.9625259337174299,
          -4.034457729378104
        ],
        [
          -0.9834866242479603,
          0.044723590795909346,
          -0.17536778595760275,
          -0.7561228924825822
        ],
        [
          0.007604405063369461,
          0.9783415591979971,
          0.20685735803145724,
          0.7451927854311005
        ],
        [
          0.0,
          0.0,
          0.0,
          1.0
        ]
      ]
    },
    {
      "file_path": "./images/142.jpg",
      "sharpness": 193.62714738191605,
      "transform_matrix": [
        [
          0.19889655832108555,
          0.15103435515166336,
          -0.9683123373447416,
          -3.8216676270433765
        ],
        [
          -0.9791292081341466,
          -0.011504737000404696,
          -0.20291287491224014,
          -0.8003675046617794
        ],
        [
          -0.04178699398973873,
          0.9884615645499636,
          0.1455938959669299,
          0.49961043175345526
        ],
        [
          0.0,
          0.0,
          0.0,
          1.0
        ]
      ]
    },
    {
      "file_path": "./images/143.jpg",
      "sharpness": 202.3519003783123,
      "transform_matrix": [
        [
          0.2844130205338112,
          0.03580640084161382,
          -0.9580329511095597,
          -4.000342016872035
        ],
        [
          -0.9558748946111247,
          -0.06609358397084497,
          -0.286242596428379,
          -1.3463378938557833
        ],
        [
          -0.07356914844665495,
          0.9971707676314722,
          0.015428563775828201,
          -0.0004319033133227077
        ],
        [
          0.0,
          0.0,
          0.0,
          1.0
        ]
      ]
    },
    {
      "file_path": "./images/144.jpg",
      "sharpness": 199.12894241636806,
      "transform_matrix": [
        [
          0.6091764231230729,
          0.08583086943553633,
          -0.7883762727054943,
          -3.1246633139236777
        ],
        [
          -0.7929135137231825,
          0.08330272776208346,
          -0.6036131338055468,
          -2.476296449983817
        ],
        [
          0.01386525394203305,
          0.9928210903286714,
          0.11880251400454797,
          0.43315160525514546
        ],
        [
          0.0,
          0.0,
          0.0,
          1.0
        ]
      ]
    },
    {
      "file_path": "./images/145.jpg",
      "sharpness": 189.8437687059453,
      "transform_matrix": [
        [
          0.8624549179891674,
          0.05621800923861025,
          -0.5030020376456092,
          -1.9561740344967509
        ],
        [
          -0.5033659417059946,
          -0.008521796528264507,
          -0.8640313117673271,
          -3.575866752927551
        ],
        [
          -0.05286060128550248,
          0.9983821484898794,
          0.020948565835324624,
          0.05973170822278155
        ],
        [
          0.0,
          0.0,
          0.0,
          1.0
        ]
      ]
    },
    {
      "file_path": "./images/146.jpg",
      "sharpness": 199.7990573677215,
      "transform_matrix": [
        [
          0.9643104763195478,
          0.03760866622906677,
          -0.26208947610868805,
          -1.00447644004918
        ],
        [
          -0.26358049636763003,
          0.04247120020523529,
          -0.9637019866575565,
          -3.948905542679495
        ],
        [
          -0.025112291748995267,
          0.998389595989303,
          0.05086833421215525,
          0.21939708446231274
        ],
        [
          0.0,
          0.0,
          0.0,
          1.0
        ]
      ]
    },
    {
      "file_path": "./images/147.jpg",
      "sharpness": 209.03241078669578,
      "transform_matrix": [
        [
          0.9954122516550625,
          0.07964950590719846,
          0.053013257453460486,
          0.3157811172905579
        ],
        [
          0.046749348747267126,
          0.07854965142067048,
          -0.9958134617755466,
          -4.162413412503182
        ],
        [
          -0.08348022309980271,
          0.9937232554753398,
          0.07446572285816676,
          0.33781020198013195
        ],
        [
          0.0,
          0.0,
          0.0,
          1.0
        ]
      ]
    },
    {
      "file_path": "./images/148.jpg",
      "sharpness": 202.45702847456207,
      "transform_matrix": [
        [
          0.9510593606635817,
          0.07201497111169929,
          0.300499478255869,
          1.3468084476511761
        ],
        [
          0.2965702019513397,
          0.060402426576229164,
          -0.9530989781645164,
          -3.8681341631279125
        ],
        [
          -0.08678829305065303,
          0.9955728957748734,
          0.03608879867600089,
          0.19294339082129197
        ],
        [
          0.0,
          0.0,
          0.0,
          1.0
        ]
      ]
    },
    {
      "file_path": "./images/149.jpg",
      "sharpness": 208.96221657370336,
      "transform_matrix": [
        [
          0.9598306174802885,
          -0.004581459908564923,
          0.2805426811994989,
          1.2247666875064849
        ],
        [
          0.28040675674720333,
          -0.019476914511783218,
          -0.9596836460894891,
          -3.9386843299451924
        ],
        [
          0.009860857968093505,
          0.999799809976125,
          -0.017409866568327638,
          0.05002148577759346
        ],
        [
          0.0,
          0.0,
          0.0,
          1.0
        ]
      ]
    },
    {
      "file_path": "./images/150.jpg",
      "sharpness": 227.52222678970514,
      "transform_matrix": [
        [
          0.9419130546221022,
          0.02534832271126436,
          0.334898880365814,
          1.4738295980882097
        ],
        [
          0.33585642310652586,
          -0.07260509311584228,
          -0.9391107301653678,
          -3.8574848477295363
        ],
        [
          0.0005104825435083727,
          0.997038596540497,
          -0.07690108203542033,
          -0.20763393966037633
        ],
        [
          0.0,
          0.0,
          0.0,
          1.0
        ]
      ]
    },
    {
      "file_path": "./images/151.jpg",
      "sharpness": 220.4527197717669,
      "transform_matrix": [
        [
          0.8933373593615618,
          0.1623973336862858,
          0.4190172650173095,
          1.7967317069853141
        ],
        [
          0.4455751413446189,
          -0.19890895517461818,
          -0.8728676995782725,
          -3.5105096713334256
        ],
        [
          -0.05840510068767427,
          0.9664690028991783,
          -0.25005301568031674,
          -0.9532250541399268
        ],
        [
          0.0,
          0.0,
          0.0,
          1.0
        ]
      ]
    },
    {
      "file_path": "./images/152.jpg",
      "sharpness": 221.0110937867013,
      "transform_matrix": [
        [
          0.91747888806617,
          0.20310340378868824,
          0.342025579927003,
          1.4525302495440087
        ],
        [
          0.3690870328880498,
          -0.1139959552226619,
          -0.9223771920135325,
          -3.734039979758326
        ],
        [
          -0.1483484145806373,
          0.9724988069732441,
          -0.17955171491555919,
          -0.7216103464945339
        ],
        [
          0.0,
          0.0,
          0.0,
          1.0
        ]
      ]
    },
    {
      "file_path": "./images/153.jpg",
      "sharpness": 225.8705652292562,
      "transform_matrix": [
        [
          0.9350446125269998,
          0.32715182358731054,
          0.1366135312105609,
          0.5449218925794068
        ],
        [
          0.17630727664613544,
          -0.0947769679381283,
          -0.9797617417260579,
          -3.894843829737176
        ],
        [
          -0.30758302421930167,
          0.9402068978017664,
          -0.14629994032868673,
          -0.6178668619938087
        ],
        [
          0.0,
          0.0,
          0.0,
          1.0
        ]
      ]
    },
    {
      "file_path": "./images/154.jpg",
      "sharpness": 226.59527589262822,
      "transform_matrix": [
        [
          0.8100799624816742,
          0.5688589294681974,
          0.14202102926001633,
          0.5814391396278176
        ],
        [
          0.1755346297782315,
          -0.004188114380005616,
          -0.9844643484893496,
          -4.107456153368343
        ],
        [
          -0.5594265350663509,
          0.8224244512806789,
          -0.10324714912006493,
          -0.3916980333946409
        ],
        [
          0.0,
          0.0,
          0.0,
          1.0
        ]
      ]
    },
    {
      "file_path": "./images/155.jpg",
      "sharpness": 228.6782866381211,
      "transform_matrix": [
        [
          0.7975340780516692,
          0.6032737576759811,
          0.00040944824463710395,
          0.01790005889691945
        ],
        [
          0.07462183272910217,
          -0.09797728259369878,
          -0.992387038496425,
          -4.0090998074378446
        ],
        [
          -0.5986409411563044,
          0.7914930355960953,
          -0.12315761517852744,
          -0.4306032073771521
        ],
        [
          0.0,
          0.0,
          0.0,
          1.0
        ]
      ]
    },
    {
      "file_path": "./images/156.jpg",
      "sharpness": 223.50017828037423,
      "transform_matrix": [
        [
          0.6302248182147537,
          0.7548501504617008,
          0.18170836209766783,
          0.7771172529867626
        ],
        [
          0.2460158824624184,
          0.027827753297650498,
          -0.968866245527546,
          -4.1059096545173395
        ],
        [
          -0.7364053666863057,
          0.6553066965142672,
          -0.16816738512938764,
          -0.6571719850350886
        ],
        [
          0.0,
          0.0,
          0.0,
          1.0
        ]
      ]
    },
    {
      "file_path": "./images/157.jpg",
      "sharpness": 236.0522791075985,
      "transform_matrix": [
        [
          0.36263264666178646,
          0.917937997723307,
          0.16089560563571537,
          0.6467829398612538
        ],
        [
          0.17064871955633626,
          0.10432263724353,
          -0.9797937547628777,
          -3.992438370625358
        ],
        [
          -0.9161749713296495,
          0.3827618315563278,
          -0.11881414989323051,
          -0.4623483245366711
        ],
        [
          0.0,
          0.0,
          0.0,
          1.0
        ]
      ]
    },
    {
      "file_path": "./images/158.jpg",
      "sharpness": 235.45998237461322,
      "transform_matrix": [
        [
          0.06681462195473936,
          0.9945696837138343,
          0.0797931734705285,
          0.18566162860121077
        ],
        [
          0.17757279282877816,
          0.06684224802793443,
          -0.9818350254118865,
          -3.8844281923328423
        ],
        [
          -0.9818369057751177,
          0.07977003270665026,
          -0.17214247686730857,
          -0.7027266746090624
        ],
        [
          0.0,
          0.0,
          0.0,
          1.0
        ]
      ]
    },
    {
      "file_path": "./images/159.jpg",
      "sharpness": 210.37552371758156,
      "transform_matrix": [
        [
          -0.04703478083966118,
          0.9975427164121496,
          0.051925507474882414,
          0.01844628155176498
        ],
        [
          0.1205904059622893,
          0.05727339185522603,
          -0.9910487942453936,
          -4.008654956616142
        ],
        [
          -0.9915874562454258,
          -0.04035204481254856,
          -0.12298792257072057,
          -0.4290819957857376
        ],
        [
          0.0,
          0.0,
          0.0,
          1.0
        ]
      ]
    },
    {
      "file_path": "./images/160.jpg",
      "sharpness": 196.53303283499568,
      "transform_matrix": [
        [
          -0.3163861859120555,
          0.9483326485860686,
          -0.023769076377584165,
          -0.2874364067708564
        ],
        [
          0.20698421706912334,
          0.04455898329517063,
          -0.9773290289825547,
          -3.888063072946476
        ],
        [
          -0.9257739007178265,
          -0.31413322752539363,
          -0.21038773756155346,
          -0.6620705405239501
        ],
        [
          0.0,
          0.0,
          0.0,
          1.0
        ]
      ]
    },
    {
      "file_path": "./images/161.jpg",
      "sharpness": 159.63871666938638,
      "transform_matrix": [
        [
          -0.5025183033274161,
          0.8638824535653609,
          0.0343869342180463,
          -0.015812820546224106
        ],
        [
          0.03617855703411875,
          0.0607504580597859,
          -0.9974971147108425,
          -4.001780128390194
        ],
        [
          -0.8638092768857889,
          -0.5000164879976496,
          -0.06178223772765577,
          0.059249109171323644
        ],
        [
          0.0,
          0.0,
          0.0,
          1.0
        ]
      ]
    },
    {
      "file_path": "./images/162.jpg",
      "sharpness": 193.31534886470703,
      "transform_matrix": [
        [
          -0.7429676427964288,
          0.6297305292521135,
          0.2268006664175852,
          0.804292122676498
        ],
        [
          -0.13349751391207815,
          0.19262189457908943,
          -0.9721497927315815,
          -3.895498180906955
        ],
        [
          -0.6558791775463467,
          -0.7525531650711696,
          -0.0590443748767138,
          0.1320762204981892
        ],
        [
          0.0,
          0.0,
          0.0,
          1.0
        ]
      ]
    },
    {
      "file_path": "./images/163.jpg",
      "sharpness": 206.26450443471904,
      "transform_matrix": [
        [
          -0.9011106123624548,
          0.4214876756662884,
          0.10172415421757262,
          0.3969901497106589
        ],
        [
          -0.05554474480176202,
          0.12046197628688893,
          -0.9911627987338733,
          -4.202680306540239
        ],
        [
          -0.43001679689839456,
          -0.8987975587041551,
          -0.08513813983629819,
          0.024532885971132366
        ],
        [
          0.0,
          0.0,
          0.0,
          1.0
        ]
      ]
    },
    {
      "file_path": "./images/164.jpg",
      "sharpness": 218.21708911753342,
      "transform_matrix": [
        [
          -0.9641468495223109,
          0.20121977332195556,
          0.17300709633582262,
          0.7910979601076897
        ],
        [
          -0.17089513111316337,
          0.027956467572184566,
          -0.9848925271737525,
          -4.198475011759521
        ],
        [
          -0.20301651834286072,
          -0.9791470976044584,
          0.007433339410922248,
          0.4388477686230271
        ],
        [
          0.0,
          0.0,
          0.0,
          1.0
        ]
      ]
    },
    {
      "file_path": "./images/165.jpg",
      "sharpness": 228.14698213985835,
      "transform_matrix": [
        [
          -0.9975411836092183,
          -0.06963519404900637,
          0.00790738612728329,
          0.1702771184507497
        ],
        [
          -0.008529201881453287,
          0.00863681917152743,
          -0.9999263263210266,
          -4.332811427455678
        ],
        [
          0.06956176910397396,
          -0.997535134772929,
          -0.009209515447082428,
          0.32815576197081686
        ],
        [
          0.0,
          0.0,
          0.0,
          1.0
        ]
      ]
    },
    {
      "file_path": "./images/166.jpg",
      "sharpness": 221.60520174363742,
      "transform_matrix": [
        [
          -0.9941338276150176,
          -0.09117152441532156,
          0.05818664734619391,
          0.39287301448271744
        ],
        [
          -0.060857001710232464,
          0.026786024389634577,
          -0.9977870184765077,
          -4.334338717186474
        ],
        [
          0.08941117456135562,
          -0.995474892719687,
          -0.032177318570324354,
          0.27101671219226314
        ],
        [
          0.0,
          0.0,
          0.0,
          1.0
        ]
      ]
    },
    {
      "file_path": "./images/167.jpg",
      "sharpness": 217.40419516011207,
      "transform_matrix": [
        [
          -0.9179585436127982,
          -0.39317051204400233,
          0.05262186493670097,
          0.4230290118498165
        ],
        [
          -0.057773528961378384,
          0.0012711423212241005,
          -0.9983289054958531,
          -4.284577794134133
        ],
        [
          0.39244659708259033,
          -0.9194646989734545,
          -0.023881703918249664,
          0.22525873273855973
        ],
        [
          0.0,
          0.0,
          0.0,
          1.0
        ]
      ]
    },
    {
      "file_path": "./images/168.jpg",
      "sharpness": 237.01210740442974,
      "transform_matrix": [
        [
          -0.8325260359240214,
          -0.5427537239778333,
          0.11099006540640403,
          0.6986390431158257
        ],
        [
          -0.10271949323702896,
          -0.04563774229109555,
          -0.9936628714950053,
          -4.1827870834149445
        ],
        [
          0.5443795598843109,
          -0.8386510547235079,
          -0.01775677880138552,
          0.20045093318654106
        ],
        [
          0.0,
          0.0,
          0.0,
          1.0
        ]
      ]
    },
    {
      "file_path": "./images/169.jpg",
      "sharpness": 223.97108448276808,
      "transform_matrix": [
        [
          -0.740528380385382,
          -0.6639900181287702,
          0.10360971803478351,
          0.7000789449527967
        ],
        [
          -0.0044479597137690235,
          -0.14932923319610297,
          -0.9887775259215029,
          -4.154598651274894
        ],
        [
          0.6720103671077382,
          -0.7326786716838894,
          0.10762913435191947,
          0.6506225071199665
        ],
        [
          0.0,
          0.0,
          0.0,
          1.0
        ]
      ]
    },
    {
      "file_path": "./images/170.jpg",
      "sharpness": 237.02341488321056,
      "transform_matrix": [
        [
          -0.5226394885203025,
          -0.8403178100737799,
          0.14392339321365538,
          0.835149377512518
        ],
        [
          -0.032920641296323425,
          -0.1487969047713901,
          -0.9883196408587119,
          -4.167287331508742
        ],
        [
          0.8519179516936849,
          -0.5212729219951024,
          0.05010333700277241,
          0.27368490207914725
        ],
        [
          0.0,
          0.0,
          0.0,
          1.0
        ]
      ]
    },
    {
      "file_path": "./images/171.jpg",
      "sharpness": 270.7073472353263,
      "transform_matrix": [
        [
          -0.3469568496034665,
          -0.9301188782375385,
          0.12041518534416644,
          0.6586020167916684
        ],
        [
          0.02388140759318005,
          -0.13711054080180407,
          -0.9902678314337016,
          -4.1491841906916545
        ],
        [
          0.9375769957111224,
          -0.3407045229362813,
          0.06978398932532354,
          0.3468731630526558
        ],
        [
          0.0,
          0.0,
          0.0,
          1.0
        ]
      ]
    },
    {
      "file_path": "./images/172.jpg",
      "sharpness": 252.14205516601837,
      "transform_matrix": [
        [
          -0.28066120714923903,
          -0.9535853953695879,
          0.10910628094407687,
          0.6263432634503018
        ],
        [
          0.037249616817391015,
          -0.1244113154692897,
          -0.991531285754594,
