{
  "camera_angle_x": 0.9190883316335565,
  "camera_angle_y": 0.9190883316335565,
  "fl_x": 1277.0742527507778,
  "fl_y": 1277.0742527507778,
  "k1": 0.11887091655767189,
  "k2": 0,
  "k3": 0,
  "k4": 0,
  "p1": 0,
  "p2": 0,
  "is_fisheye": false,
  "cx": 632.0,
  "cy": 632.0,
  "w": 1264.0,
  "h": 1264.0,
  "aabb_scale": 2,
  "frames": [
    {
      "file_path": "./images/0.jpg",
      "sharpness": 211.49669836971313,
      "transform_matrix": [
        [
          0.6532313748552776,
          0.03723820602319729,
          0.7562420822079214,
          3.1195143699276953
        ],
        [
          0.7571168252499402,
          -0.042585762660974955,
          -0.6518899951232199,
          -2.5657273287272404
        ],
        [
          0.007929931884288572,
          0.9983986021704068,
          -0.05601202861457542,
          -0.08202778052021376
        ],
        [
          0.0,
          0.0,
          0.0,
          1.0
        ]
      ]
    },
    {
      "file_path": "./images/1.jpg",
      "sharpness": 206.53834699252172,
      "transform_matrix": [
        [
          0.5014342953375764,
          0.02218690975132578,
          0.8649112026562665,
          3.4226563352792527
        ],
        [
          0.8651593642537581,
          -0.0036929054803258154,
          -0.5014834363095794,
          -1.89624649954584
        ],
        [
          -0.00793233242290083,
          0.9997470197354087,
          -0.02104696219248783,
          0.07009437996766907
        ],
        [
          0.0,
          0.0,
          0.0,
          1.0
        ]
      ]
    },
    {
      "file_path": "./images/10.jpg",
      "sharpness": 199.21536512551629,
      "transform_matrix": [
        [
          -0.6820444906263402,
          0.0262617531652005,
          0.7308389926052528,
          2.6276911958447964
        ],
        [
          0.7295496218233904,
          -0.04487853298346527,
          0.6824538567363488,
          2.6590916686726374
        ],
        [
          0.050721416567486376,
          0.9986472037626742,
          0.011449904078673847,
          0.161418261181079
        ],
        [
          0.0,
          0.0,
          0.0,
          1.0
        ]
      ]
    },
    {
      "file_path": "./images/11.jpg",
      "sharpness": 202.17549583143915,
      "transform_matrix": [
        [
          -0.9344684607777094,
          0.11612088329160733,
          0.3365778309108165,
          1.1182517478141143
        ],
        [
          0.315338457058272,
          -0.169007850213948,
          0.9338083336883886,
          3.513004693621314
        ],
        [
          0.16531894416487036,
          0.978750370122623,
          0.12131512547935869,
          0.5183752227318817
        ],
        [
          0.0,
          0.0,
          0.0,
          1.0
        ]
      ]
    },
    {
      "file_path": "./images/116.jpg",
      "sharpness": 219.6312416693083,
      "transform_matrix": [
        [
          0.8356334488157231,
          0.18242588616887223,
          0.5181095784302355,
          1.6308926687026557
        ],
        [
          0.4998165910681188,
          -0.6437371088659365,
          -0.5794703702189499,
          -1.8204802205069162
        ],
        [
          0.22781596629863252,
          0.7431845872433258,
          -0.6291077449598117,
          -2.389258712952692
        ],
        [
          0.0,
          0.0,
          0.0,
          1.0
        ]
      ]
    },
    {
      "file_path": "./images/117.jpg",
      "sharpness": 229.64196296706456,
      "transform_matrix": [
        [
          0.8420279019784673,
          0.1116199631462155,
          0.5277594111925362,
          2.063785185806937
        ],
        [
          0.5249979863828512,
          -0.39439359572614835,
          -0.7542087283662713,
          -3.0174855042460704
        ],
        [
          0.12396018139374204,
          0.9121374213707799,
          -0.39069066785492373,
          -1.8087676296019333
        ],
        [
          0.0,
          0.0,
          0.0,
          1.0
        ]
      ]
    },
    {
      "file_path": "./images/118.jpg",
      "sharpness": 220.9782798321304,
      "transform_matrix": [
        [
          0.8228632374217527,
          0.018322756891699956,
          0.567943984090856,
          2.182309871108676
        ],
        [
          0.5353210882897893,
          -0.3602392064381573,
          -0.763975815439703,
          -3.1338636707973166
        ],
        [
          0.1905975469927756,
          0.9326800044557935,
          -0.30623615781567937,
          -1.3795001530353594
        ],
        [
          0.0,
          0.0,
          0.0,
          1.0
        ]
      ]
    },
    {
      "file_path": "./images/123.jpg",
      "sharpness": 212.11735296183969,
      "transform_matrix": [
        [
          0.3040975832452403,
          -0.06762999203678201,
          0.9502372567032001,
          3.8318506686798406
        ],
        [
          0.9366105818177084,
          -0.16099195773909075,
          -0.31119480646396663,
          -1.1775196961276635
        ],
        [
          0.17402665855631724,
          0.98463585842981,
          0.014385700919520123,
          0.2537839970496882
        ],
        [
          0.0,
          0.0,
          0.0,
          1.0
        ]
      ]
    },
    {
      "file_path": "./images/124.jpg",
      "sharpness": 204.74211964489155,
      "transform_matrix": [
        [
          0.11197329741177894,
          0.08538513422065541,
          0.990036039498648,
          3.919355830667557
        ],
        [
          0.9702764298525215,
          -0.2244895484718266,
          -0.0903774988549547,
          -0.22646780892230037
        ],
        [
          0.21453584860762953,
          0.9707285003886968,
          -0.10798401817096753,
          -0.299821700357416
        ],
        [
          0.0,
          0.0,
          0.0,
          1.0
        ]
      ]
    },
    {
      "file_path": "./images/125.jpg",
      "sharpness": 203.0089799119255,
      "transform_matrix": [
        [
          -0.03529511222502515,
          0.19040367865403185,
          0.9810711973110563,
          3.865841402212725
        ],
        [
          0.9911129084751329,
          -0.11931575927457178,
          0.05881285779837787,
          0.5267209211241253
        ],
        [
          0.12825543928654956,
          0.9744281342044103,
          -0.18450028062135188,
          -0.6005721917913306
        ],
        [
          0.0,
          0.0,
          0.0,
          1.0
        ]
      ]
    },
    {
      "file_path": "./images/126.jpg",
      "sharpness": 215.5776046782633,
      "transform_matrix": [
        [
          -0.050615860582871784,
          -0.047263549813873706,
          0.9975992138638451,
          3.714973126623762
        ],
        [
          0.9953971775393439,
          -0.0837792454973412,
          0.046534900562061166,
          0.48640173343781007
        ],
        [
          0.08137870485545504,
          0.9953628458346268,
          0.05128656269505181,
          0.35335053603699246
        ],
        [
          0.0,
          0.0,
          0.0,
          1.0
        ]
      ]
    },
    {
      "file_path": "./images/127.jpg",
      "sharpness": 216.50248536572317,
      "transform_matrix": [
        [
          -0.16510671559691467,
          -0.17961817390755044,
          0.9697819775868345,
          3.5418222471541356
        ],
        [
          0.9781069843817679,
          -0.15610939900693693,
          0.13761025632202692,
          0.7309941760563053
        ],
        [
          0.12667477873732705,
          0.9712709030590252,
          0.20146050056471793,
          0.881187337876231
        ],
        [
          0.0,
          0.0,
          0.0,
          1.0
        ]
      ]
    },
    {
      "file_path": "./images/128.jpg",
      "sharpness": 203.42391692889603,
      "transform_matrix": [
        [
          -0.3540514154337012,
          0.1761122548708337,
          0.9184944577399571,
          3.3368329905931504
        ],
        [
          0.9351947750194851,
          0.07468928466376688,
          0.34616794122562317,
          1.6141899354282672
        ],
        [
          -0.007637277322993196,
          0.9815324673314655,
          -0.19114310752504068,
          -0.7192123883738887
        ],
        [
          0.0,
          0.0,
          0.0,
          1.0
        ]
      ]
    },
    {
      "file_path": "./images/129.jpg",
      "sharpness": 213.19033301453075,
      "transform_matrix": [
        [
          -0.5411215445435086,
          0.3051692340452868,
          0.7836193033663574,
          2.639205801812328
        ],
        [
          0.8360306116683389,
          0.094632505942593,
          0.5404604566221337,
          2.1903215954721578
        ],
        [
          0.09077604519659496,
          0.9475845225605525,
          -0.30633850918091815,
          -0.9146696187350041
        ],
        [
          0.0,
          0.0,
          0.0,
          1.0
        ]
      ]
    },
    {
      "file_path": "./images/130.jpg",
      "sharpness": 207.97533302336774,
      "transform_matrix": [
        [
          -0.739502601341813,
          0.12100935907768606,
          0.6621877661280172,
          2.285628352810829
        ],
        [
          0.673126981578948,
          0.12416695611217161,
          0.7290285547768135,
          2.915140635998251
        ],
        [
          0.005997438868039369,
          0.9848549649621751,
          -0.17327645166441144,
          -0.4595173557522883
        ],
        [
          0.0,
          0.0,
          0.0,
          1.0
        ]
      ]
    },
    {
      "file_path": "./images/132.jpg",
      "sharpness": 214.5201359513356,
      "transform_matrix": [
        [
          -0.9495712850626603,
          0.03336381793783646,
          0.3117711183262066,
          1.3280419024166925
        ],
        [
          0.31313775866181925,
          0.049860338126270665,
          0.9483979601316649,
          4.015493190929505
        ],
        [
          0.016097163496697993,
          0.9981987789611879,
          -0.05779341651767664,
          -0.09693007394786551
        ],
        [
          0.0,
          0.0,
          0.0,
          1.0
        ]
      ]
    },
    {
      "file_path": "./images/133.jpg",
      "sharpness": 200.9647957031617,
      "transform_matrix": [
        [
          -0.9832322041669045,
          0.15824121284388246,
          0.09063195480680157,
          0.28600600876731813
        ],
        [
          0.09290144970104557,
          0.006988827919266796,
          0.9956507806090826,
          4.277833264236962
        ],
        [
          0.15691957595640793,
          0.9873757515895593,
          -0.021572478755252228,
          -0.03885254185463992
        ],
        [
          0.0,
          0.0,
          0.0,
          1.0
        ]
      ]
    },
    {
      "file_path": "./images/134.jpg",
      "sharpness": 199.0784629792403,
      "transform_matrix": [
        [
          -0.9748454833783203,
          0.15879311756719597,
          -0.1564002216606296,
          -0.8581972383133771
        ],
        [
          -0.153870053492217,
          0.028182990455612577,
          0.9876890835111004,
          3.8094679764365127
        ],
        [
          0.16124605471213127,
          0.9869095525159852,
          -0.0030405554594877997,
          0.026686635790410352
        ],
        [
          0.0,
          0.0,
          0.0,
          1.0
        ]
      ]
    },
    {
      "file_path": "./images/138.jpg",
      "sharpness": 208.4766019314962,
      "transform_matrix": [
        [
          -0.4887888950149348,
          0.23207401452067147,
          -0.8409679351079046,
          -3.5635899791258066
        ],
        [
          -0.8723384679831168,
          -0.11837463526011668,
          0.474355397359005,
          1.535102244996631
        ],
        [
          0.010536288790800806,
          0.9654683306544334,
          0.2603072974522424,
          0.9942635653595872
        ],
        [
          0.0,
          0.0,
          0.0,
          1.0
        ]
      ]
    },
    {
      "file_path": "./images/140.jpg",
      "sharpness": 202.3223262411974,
      "transform_matrix": [
        [
          0.20072837913243935,
          0.2249325091645713,
          -0.9534744276157111,
          -3.6945677803242787
        ],
        [
          -0.9757428225628909,
          0.1327103012377934,
          -0.17410893188487983,
          -0.711773874913545
        ],
        [
          0.0873731195945843,
          0.9652944329330233,
          0.24611500504003203,
          0.889657003369885
        ],
        [
          0.0,
          0.0,
          0.0,
          1.0
        ]
      ]
    },
    {
      "file_path": "./images/141.jpg",
      "sharpness": 209.56482958832746,
      "transform_matrix": [
        [
          0.3544140267216656,
          0.19225722800458386,
          -0.9151108435201946,
          -4.059285808031581
        ],
        [
          -0.9298163545664667,
          0.17623323602829769,
          -0.3230841891820726,
          -1.4343510086959887
        ],
        [
          0.09915767465389524,
          0.965390597004315,
          0.2412234457052548,
          0.9545508838402093
        ],
        [
          0.0,
          0.0,
          0.0,
          1.0
        ]
      ]
    },
    {
      "file_path": "./images/142.jpg",
      "sharpness": 193.62714738191605,
      "transform_matrix": [
        [
          0.37480364164424335,
          0.15091981164366722,
          -0.9147379081731379,
          -3.7209505508460494
        ],
        [
          -0.9258573905630302,
          0.112084383503077,
          -0.36086726550667964,
          -1.4366837328718465
        ],
        [
          0.04806581476584714,
          0.9821712179723701,
          0.18173985810107282,
          0.6737490052119701
        ],
        [
          0.0,
          0.0,
          0.0,
          1.0
        ]
      ]
    },
    {
      "file_path": "./images/143.jpg",
      "sharpness": 202.3519003783123,
      "transform_matrix": [
        [
          0.4545818377394463,
          0.04667755208245874,
          -0.889481061582725,
          -3.797514072765073
        ],
        [
          -0.890614051890841,
          0.03808847819435711,
          -0.4531620884442268,
          -2.063732166141616
        ],
        [
          0.012726483033236147,
          0.9981835872951795,
          0.058886014206793895,
          0.22234109208154912
        ],
        [
          0.0,
          0.0,
          0.0,
          1.0
        ]
      ]
    },
    {
      "file_path": "./images/144.jpg",
      "sharpness": 199.12894241636806,
      "transform_matrix": [
        [
          0.743654698047416,
          0.07017111880498296,
          -0.664871193648046,
          -2.794792023007401
        ],
        [
          -0.6640074465989743,
          0.19342775198177978,
          -0.7222740585291025,
          -3.0584495108558607
        ],
        [
          0.07792176157398133,
          0.9786019205143935,
          0.19043760191669082,
          0.7806092330167261
        ],
        [
          0.0,
          0.0,
          0.0,
          1.0
        ]
      ]
    },
    {
      "file_path": "./images/146.jpg",
      "sharpness": 199.7990573677215,
      "transform_matrix": [
        [
          0.9964119068006563,
          0.03519684206283206,
          -0.07697073651719306,
          -0.3160954844592387
        ],
        [
          -0.0814551876653902,
          0.15180343936410776,
          -0.9850486120995964,
          -4.035418309526352
        ],
        [
          -0.022986177890582816,
          0.98778383166125,
          0.1541257198511455,
          0.6659820305775179
        ],
        [
          0.0,
          0.0,
          0.0,
          1.0
        ]
      ]
    },
    {
      "file_path": "./images/148.jpg",
      "sharpness": 202.45702847456207,
      "transform_matrix": [
        [
          0.8811547349230339,
          0.06652139273684814,
          0.468125236893273,
          1.9461956284804893
        ],
        [
          0.45189041003242636,
          0.17287728344972525,
          -0.8751619862559651,
          -3.472534307847422
        ],
        [
          -0.13914521346446118,
          0.9826944332603184,
          0.12227125743257455,
          0.558438950831129
        ],
        [
          0.0,
          0.0,
          0.0,
          1.0
        ]
      ]
    },
    {
      "file_path": "./images/149.jpg",
      "sharpness": 208.96221657370336,
      "transform_matrix": [
        [
          0.8931854769143519,
          0.006908479291357222,
          0.4496353819801967,
          1.8325926186106096
        ],
        [
          0.44764356314721016,
          0.0815869283006431,
          -0.8904823487880332,
          -3.5686137072866346
        ],
        [
          -0.04283624853697169,
          0.9966422858927239,
          0.06977972317827515,
          0.4294894722317824
        ],
        [
          0.0,
          0.0,
          0.0,
          1.0
        ]
      ]
    },
    {
      "file_path": "./images/150.jpg",
      "sharpness": 227.52222678970514,
      "transform_matrix": [
        [
          0.8660751265554679,
          0.045558629328605674,
          0.49783359312218306,
          2.0553736908668983
        ],
        [
          0.49667390890126417,
          0.034777012047796096,
          -0.8672402133489215,
          -3.4721619228840828
        ],
        [
          -0.05682344028463207,
          0.9983561342085147,
          0.007491722597693779,
          0.16256674627835102
        ],
        [
          0.0,
          0.0,
          0.0,
          1.0
        ]
      ]
    },
    {
      "file_path": "./images/151.jpg",
      "sharpness": 220.4527197717669,
      "transform_matrix": [
        [
          0.800339425247637,
          0.20257150623677103,
          0.5642885691209444,
          2.263113904992161
        ],
        [
          0.5856688025137672,
          -0.06281800457264049,
          -0.8081125862547363,
          -3.125717430411146
        ],
        [
          -0.1282531018911861,
          0.9772505733677678,
          -0.16891553715597027,
          -0.5913777971262963
        ],
        [
          0.0,
          0.0,
          0.0,
          1.0
        ]
      ]
    },
    {
      "file_path": "./images/152.jpg",
      "sharpness": 221.0110937867013,
      "transform_matrix": [
        [
          0.8354068290880146,
          0.2257601083558684,
          0.5011265342940542,
          1.9906544538614395
        ],
        [
          0.5086666203991411,
          0.02782899288644856,
          -0.8605136933520341,
          -3.383003231788548
        ],
        [
          -0.20821551141094358,
          0.9737853565417302,
          -0.09158810063434251,
          -0.34007654637489343
        ],
        [
          0.0,
          0.0,
          0.0,
          1.0
        ]
      ]
    },
    {
      "file_path": "./images/157.jpg",
      "sharpness": 236.0522791075985,
      "transform_matrix": [
        [
          0.31978749558557396,
          0.8850379115768011,
          0.338295510943015,
          1.3406699899016286
        ],
        [
          0.1430542932465345,
          0.3078512491353644,
          -0.9406184548419444,
          -3.925023571857382
        ],
        [
          -0.9366276884846058,
          0.3491926452019061,
          -0.028161492963119227,
          -0.07356014217729559
        ],
        [
          0.0,
          0.0,
          0.0,
          1.0
        ]
      ]
    },
    {
      "file_path": "./images/164.jpg",
      "sharpness": 218.21708911753342,
      "transform_matrix": [
        [
          -0.9169748821285463,
          0.18714399544322238,
          0.35232682341854216,
          1.4945499455528655
        ],
        [
          -0.3643474965860349,
          -0.03310799355759628,
          -0.9306743589966342,
          -3.915829413843182
        ],
        [
          -0.16250528379928086,
          -0.9817744067336549,
          0.09854464473083596,
          0.8640631282592168
        ],
        [
          0.0,
          0.0,
          0.0,
          1.0
        ]
      ]
    },
    {
      "file_path": "./images/165.jpg",
      "sharpness": 228.14698213985835,
      "transform_matrix": [
        [
          -0.9781982383793477,
          -0.07614024421107961,
          0.19321198106828807,
          0.8958088008342361
        ],
        [
          -0.1852007919841711,
          -0.10111244566126891,
          -0.9774850075477114,
          -4.086391172997553
        ],
        [
          0.09396208312422497,
          -0.9919571243400723,
          0.08480678269432068,
          0.7654341430529348
        ],
        [
          0.0,
          0.0,
          0.0,
          1.0
        ]
      ]
    },
    {
      "file_path": "./images/166.jpg",
      "sharpness": 221.60520174363742,
      "transform_matrix": [
        [
          -0.965174932675364,
          -0.1009375154593495,
          0.2413482282787977,
          1.1170598501515863
        ],
        [
          -0.23298018354949193,
          -0.08795628559405667,
          -0.9684957025704647,
          -4.089700225928848
        ],
        [
          0.11898564364462921,
          -0.9909971290485666,
          0.06137676114786984,
          0.7115102914175656
        ],
        [
          0.0,
          0.0,
          0.0,
          1.0
        ]
      ]
    },
    {
      "file_path": "./images/167.jpg",
      "sharpness": 217.40419516011207,
      "transform_matrix": [
        [
          -0.8894500016778282,
          -0.39093826088715466,
          0.23674030217762468,
          1.1570345688547221
        ],
        [
          -0.18676240360951465,
          -0.16186789128310916,
          -0.9689781165585077,
          -4.102951860745162
        ],
        [
          0.4171312732203118,
          -0.9060717752646796,
          0.07096082690713942,
          0.6656794341973469
        ],
        [
          0.0,
          0.0,
          0.0,
          1.0
        ]
      ]
    },
    {
      "file_path": "./images/169.jpg",
      "sharpness": 223.97108448276808,
      "transform_matrix": [
        [
          -0.7217924676310787,
          -0.6319194907193769,
          0.2823001787199511,
          1.3978974547248364
        ],
        [
          -0.06826356853310205,
          -0.34089483915991814,
          -0.9376197490694066,
          -3.877847471568965
        ],
        [
          0.6887348683399231,
          -0.6960376899773961,
          0.2029182476978119,
          1.074993093383013
        ],
        [
          0.0,
          0.0,
          0.0,
          1.0
        ]
      ]
    },
    {
      "file_path": "./images/170.jpg",
      "sharpness": 237.02341488321056,
      "transform_matrix": [
        [
          -0.5024582592421546,
          -0.8025592411179673,
          0.32161213005857114,
          1.5232056123647713
        ],
        [
          -0.03908488780301663,
          -0.35051299101782896,
          -0.9357419594486922,
          -3.8810243052708437
        ],
        [
          0.8637175865118268,
          -0.4827414500638612,
          0.1447502094142095,
          0.6900687785438706
        ],
        [
          0.0,
          0.0,
          0.0,
          1.0
        ]
      ]
    },
    {
      "file_path": "./images/171.jpg",
      "sharpness": 270.7073472353263,
      "transform_matrix": [
        [
          -0.34081319363093243,
          -0.8903465272189902,
          0.3018765120069519,
          1.3440189806603553
        ],
        [
          0.054113894925775965,
          -0.3391464603413635,
          -0.9391758966315111,
          -3.856433678102806
        ],
        [
          0.9385723485210018,
          -0.30374782286087604,
          0.16376570667902451,
          0.7564174696997488
        ],
        [
          0.0,
          0.0,
          0.0,
          1.0
        ]
      ]
    },
    {
      "file_path": "./images/172.jpg",
      "sharpness": 252.14205516601837,
      "transform_matrix": [
        [
          -0.27857993086316357,
          -0.9153529702804476,
          0.29072695421022077,
          1.3131385813413803
        ],
        [
          0.0830239695636962,
          -0.32452942514630295,
          -0.9422248525122935,
          -3.8550277839796196
        ],
        [
          0.9568177687435631,
          -0.2383476284727339,
          0.1664036219649221,
          0.7011794606139303
        ],
        [
          0.0,
          0.0,
          0.0,
          1.0
        ]
      ]
    },
    {
      "file_path": "./images/173.jpg",
      "sharpness": 241.28276025427832,
      "transform_matrix": [
        [
          -0.07777283042535206,
          -0.9234883127902996,
          0.3756603824901819,
          1.601089907148546
        ],
        [
          0.19312154271477375,
          -0.38361958158041015,
          -0.9030725808966042,
          -3.5722344418970904
        ],
        [
          0.978087652806607,
          0.002313601907469166,
          0.2081806683112239,
          0.730186162784619
        ],
        [
          0.0,
          0.0,
          0.0,
          1.0
        ]
      ]
    },
    {
      "file_path": "./images/174.jpg",
      "sharpness": 256.1263394286207,
      "transform_matrix": [
        [
          -0.12739726619358543,
          -0.8964279918426246,
          0.42448414810533813,
          1.7924540675001914
        ],
        [
          0.0716099295727195,
          -0.43516743210590975,
          -0.8974972557176178,
          -3.3194515781187475
        ],
        [
          0.9892633393278752,
          -0.08394141684411063,
          0.1196322865496403,
          0.29076399701533595
        ],
        [
          0.0,
          0.0,
          0.0,
          1.0
        ]
      ]
    },
    {
      "file_path": "./images/175.jpg",
      "sharpness": 246.01924174404462,
      "transform_matrix": [
        [
          0.22450279422408667,
          -0.8858034192723456,
          0.4061413519654371,
          1.7075537808759353
        ],
        [
          0.3269226846100555,
          -0.3241615250039554,
          -0.8877166574950481,
          -3.588063986301212
        ],
        [
          0.9179978505744159,
          0.332071691202603,
          0.21681406372195242,
          0.6170436906649048
        ],
        [
          0.0,
          0.0,
          0.0,
          1.0
        ]
      ]
    },
    {
      "file_path": "./images/176.jpg",
      "sharpness": 235.45544396336803,
      "transform_matrix": [
        [
          0.6472236869403785,
          -0.6396554063212324,
          0.41465945089029005,
          1.5803087652925625
        ],
        [
          0.3810550909406439,
          -0.19964178235558105,
          -0.9027403704309572,
          -3.578802712747871
        ],
        [
          0.660226110296918,
          0.7422830456686438,
          0.11453105858288416,
          0.36543165137245176
        ],
        [
          0.0,
          0.0,
          0.0,
          1.0
        ]
      ]
    },
    {
      "file_path": "./images/177.jpg",
      "sharpness": 261.1734953188361,
      "transform_matrix": [
        [
          0.7693052674479194,
          -0.4144357524091466,
          0.48622259571852955,
          1.8446382288789147
        ],
        [
          0.5006337119419866,
          -0.08175375114586368,
          -0.8617901198322507,
          -3.5988875251289594
        ],
        [
          0.3969071578233161,
          0.9063991015461592,
          0.14458691769992202,
          0.6279158523143519
        ],
        [
          0.0,
          0.0,
          0.0,
          1.0
        ]
      ]
    },
    {
      "file_path": "./images/178.jpg",
      "sharpness": 245.97836133686857,
      "transform_matrix": [
        [
          0.8043135410925347,
          -0.23207855523321558,
          0.5470093891345609,
          2.0954981173448233
        ],
        [
          0.5646287778510679,
          0.011687349286425588,
          -0.8252622304993629,
          -3.575849364583492
        ],
        [
          0.18513257634906322,
          0.9726268298029725,
          0.1404385242973224,
          0.6937200981945806
        ],
        [
          0.0,
          0.0,
          0.0,
          1.0
        ]
      ]
    },
    {
      "file_path": "./images/179.jpg",
      "sharpness": 247.82693826042592,
      "transform_matrix": [
        [
          0.7924149982709412,
          -0.10408153106680232,
          0.6010370249754744,
          2.1900458388809496
        ],
        [
          0.6087977114309701,
          0.07356807708995307,
          -0.7899070100900594,
          -3.3961551252721196
        ],
        [
          0.03799759282326186,
          0.9918441273250663,
          0.12166104559573244,
          0.6449447582590712
        ],
        [
          0.0,
          0.0,
          0.0,
          1.0
        ]
      ]
    },
    {
      "file_path": "./images/180.jpg",
      "sharpness": 258.5991114607377,
      "transform_matrix": [
        [
          0.7995997434460168,
          -0.04228462824891923,
          0.5990427868526833,
          2.2523751682161235
        ],
        [
          0.5999030985615067,
          0.1019293767371069,
          -0.7935531957556499,
          -3.356719878713903
        ],
        [
          -0.02750495602448391,
          0.9938925557408299,
          0.10686938299665119,
          0.6911867481063458
        ],
        [
          0.0,
          0.0,
          0.0,
          1.0
        ]
      ]
    },
    {
      "file_path": "./images/181.jpg",
      "sharpness": 145.41893335807103,
      "transform_matrix": [
        [
          0.277168343219071,
          -0.2079295941071836,
          0.9380527668510615,
          3.7072953980159356
        ],
        [
          0.9601477888390794,
          0.02338856091412351,
          -0.27851247513443683,
          -1.0584262444733399
        ],
        [
          0.03597128163033242,
          0.9778641312052816,
          0.2061257086950656,
          1.151644366019215
        ],
        [
          0.0,
          0.0,
          0.0,
          1.0
        ]
      ]
    },
    {
      "file_path": "./images/182.jpg",
      "sharpness": 133.58605818445173,
      "transform_matrix": [
        [
          0.3663605845952695,
          0.05991383911888672,
          0.928542004393104,
          3.8166314334272844
        ],
        [
          0.9283081460746218,
          0.04449741244996227,
          -0.36913949425179876,
          -1.4275054140250536
        ],
        [
          -0.06343428081762405,
          0.9972112675618667,
          -0.03931640687852171,
          0.058070375681888275
        ],
        [
          0.0,
          0.0,
          0.0,
          1.0
        ]
      ]
    },
    {
      "file_path": "./images/193.jpg",
      "sharpness": 145.362663156989,
      "transform_matrix": [
        [
          0.9634426709532535,
          -0.2678126515757068,
          -0.007389413221931005,
          -0.5794613950414929
        ],
        [
          0.00465735929992206,
          0.044318933498881614,
          -0.9990065771242899,
          -4.054530325850599
        ],
        [
          0.26787409127440565,
          0.9624511498121034,
          0.043946051407414914,
          -0.02391199541171647
        ],
        [
          0.0,
          0.0,
          0.0,
          1.0
        ]
      ]
    },
    {
      "file_path": "./images/196.jpg",
      "sharpness": 139.13495368434593,
      "transform_matrix": [
        [
          0.7242730157987964,
          0.04672784774780959,
          -0.6879281261991611,
          -2.7739298922615254
        ],
        [
          -0.6891042703979862,
          0.01469383031369772,
          -0.7245132130400995,
          -2.9615928344220053
        ],
        [
          -0.023746643955823443,
          0.998799579285355,
          0.04284270422446005,
          -0.012769022104188808
        ],
        [
          0.0,
          0.0,
          0.0,
          1.0
        ]
      ]
    },
    {
      "file_path": "./images/197.jpg",
      "sharpness": 134.9002682569772,
      "transform_matrix": [
        [
          0.5751168235804681,
          0.03297178053588201,
          -0.8174065701401726,
          -3.2261926566756665
        ],
        [
          -0.8178964411513172,
          0.002517237143488674,
          -0.5753599526113111,
          -2.274289314233927
        ],
        [
          -0.016913035906947038,
          0.9994531130525779,
          0.02841520738888198,
          -0.16585634130393842
        ],
        [
          0.0,
          0.0,
          0.0,
          1.0
        ]
      ]
    },
    {
      "file_path": "./images/2.jpg",
      "sharpness": 220.7862113636077,
      "transform_matrix": [
        [
          0.3617370006818164,
          -0.019752363563603346,
          0.9320709127832977,
          3.6000241285390584
        ],
        [
          0.9185664399670713,
          -0.16330025640659382,
          -0.35995655518892594,
          -1.4183296216733225
        ],
        [
          0.1593174117918344,
          0.9863786648020131,
          -0.04092788668353822,
          0.045359712479011174
        ],
        [
          0.0,
          0.0,
          0.0,
          1.0
        ]
      ]
    },
    {
      "file_path": "./images/200.jpg",
      "sharpness": 147.21790740476004,
      "transform_matrix": [
        [
          -0.08019318976708616,
          0.04372278177318745,
          -0.9958199489136118,
          -4.278756269350671
        ],
        [
          -0.9891329596892585,
          0.12001614918231807,
          0.0849241543468741,
          0.23955679782384792
        ],
        [
          0.12322759581532523,
          0.991808672211876,
          0.03362316671466775,
          -0.02845416833564876
        ],
        [
          0.0,
          0.0,
          0.0,
          1.0
        ]
      ]
    },
    {
      "file_path": "./images/201.jpg",
      "sharpness": 150.80659125584413,
      "transform_matrix": [
        [
          -0.34632081144550936,
          -0.07768170874926252,
          -0.9348943510744054,
          -4.072141603001831
        ],
        [
          -0.9373711508013896,
          0.06836304629956312,
          0.3415579299996413,
          1.2399989135935399
        ],
        [
          0.03737942216846647,
          0.9946316132174574,
          -0.0964921383938663,
          -0.4919467781083524
        ],
        [
          0.0,
          0.0,
          0.0,
          1.0
        ]
      ]
    },
    {
      "file_path": "./images/202.jpg",
      "sharpness": 176.36889495527913,
      "transform_matrix": [
        [
          -0.4485516714668922,
          0.007534363632375232,
          -0.8937251430804816,
          -3.8803218395195
        ],
        [
          -0.8918310608079945,
          0.061836236156008105,
          0.4481223481102708,
          1.694504246504706
        ],
        [
          0.05864091572854335,
          0.9980578706907728,
          -0.021017367574224656,
          -0.19995909341574167
        ],
        [
          0.0,
          0.0,
          0.0,
          1.0
        ]
      ]
    },
    {
      "file_path": "./images/203.jpg",
      "sharpness": 173.2265289753796,
      "transform_matrix": [
        [
          -0.6746045001353982,
          -0.03633600207202698,
          -0.7372845199350153,
          -3.3930522457965875
        ],
        [
          -0.7368509206687519,
          0.09304076685673661,
          0.6696223834461028,
          2.69769654048486
        ],
        [
          0.044266116813981404,
          0.994999050573067,
          -0.08953993659779781,
          -0.5103806489575192
        ],
        [
          0.0,
          0.0,
          0.0,
          1.0
        ]
      ]
    },
    {
      "file_path": "./images/209.jpg",
      "sharpness": 174.96702793158536,
      "transform_matrix": [
        [
          -0.8610267600385271,
          0.1472912435010856,
          0.48676298962716474,
          1.8014344878818942
        ],
        [
          0.4947301782214059,
          0.020901084008293543,
          0.8687952551919302,
          3.1782714420908085
        ],
        [
          0.11779205934673678,
          0.9888723043245847,
          -0.09086581579269859,
          -0.8162857737954669
        ],
        [
          0.0,
          0.0,
          0.0,
          1.0
        ]
      ]
    },
    {
      "file_path": "./images/210.jpg",
      "sharpness": 175.6709172223613,
      "transform_matrix": [
        [
          -0.6889393449194265,
          -0.07811634801888202,
          0.7205972628171018,
          2.736513760875897
        ],
        [
          0.7241616770976268,
          -0.11651262419561988,
          0.6797166128806327,
          2.4152056301204454
        ],
        [
          0.030861698593001988,
          0.9901124403624261,
          0.13683899657826926,
          0.11600850357244244
        ],
        [
          0.0,
          0.0,
          0.0,
          1.0
        ]
      ]
    },
    {
      "file_path": "./images/211.jpg",
      "sharpness": 182.1735463496364,
      "transform_matrix": [
        [
          -0.5377475964000059,
          0.04647987278146217,
          0.8418237012448331,
          3.1866786828833753
        ],
        [
          0.8426279012716531,
          0.0632455636699672,
          0.5347693135122042,
          1.810344309370645
        ],
        [
          -0.02838560483649052,
          0.996915051590338,
          -0.07317538749970517,
          -0.6930547557658593
        ],
        [
          0.0,
          0.0,
          0.0,
          1.0
        ]
      ]
    },
    {
      "file_path": "./images/212.jpg",
      "sharpness": 181.2347261398073,
      "transform_matrix": [
        [
          -0.2773488604417808,
          0.013839009165828363,
          0.9606696057554172,
          3.6049209109527953
        ],
        [
          0.9607590814970765,
          -0.0006122076503302169,
          0.2773835116267798,
          0.7413071014026674
        ],
        [
          0.0044268422419358276,
          0.9999040489027601,
          -0.013126158640817917,
          -0.41881025737848787
        ],
        [
          0.0,
          0.0,
          0.0,
          1.0
        ]
      ]
    },
    {
      "file_path": "./images/213.jpg",
      "sharpness": 184.28057675513674,
      "transform_matrix": [
        [
          -0.3052785433831072,
          0.09297615136619121,
          0.947713272151622,
          3.6634750387410837
        ],
        [
          0.9502744633093148,
          -0.034540412838530064,
          0.30949217156958087,
          0.9191185393560132
        ],
        [
          0.06150979866317573,
          0.9950690403902334,
          -0.07780841542087519,
          -0.6474116977390809
        ],
        [
          0.0,
          0.0,
          0.0,
          1.0
        ]
      ]
    },
    {
      "file_path": "./images/214.jpg",
      "sharpness": 184.8742271652619,
      "transform_matrix": [
        [
          -0.1751515157759231,
          0.1407504321728887,
          0.9744286851021251,
          3.5855916882778174
        ],
        [
          0.9740002049824421,
          -0.11967093906344516,
          0.19236025326857686,
