{
  "camera_angle_x": 0.9190249275860937,
  "camera_angle_y": 0.9190249275860937,
  "fl_x": 1277.1761041658742,
  "fl_y": 1277.1761041658742,
  "k1": -0.0023576365628728917,
  "k2": 0,
  "k3": 0,
  "k4": 0,
  "p1": 0,
  "p2": 0,
  "is_fisheye": false,
  "cx": 653.9462918292777,
  "cy": 638.5647624909512,
  "w": 1264.0,
  "h": 1264.0,
  "aabb_scale": 2,
  "frames": [
    {
      "file_path": "./images/0.jpg",
      "sharpness": 115.59216350489207,
      "transform_matrix": [
        [
          0.9837718077047958,
          -0.10286008399956892,
          0.1470130385279696,
          0.7816475674113943
        ],
        [
          0.1356435217727468,
          -0.10997409107617709,
          -0.9846352290534602,
          -3.9161408424060293
        ],
        [
          0.11744728765783417,
          0.9885977455081948,
          -0.09423710633516047,
          -0.19491387499028578
        ],
        [
          0.0,
          0.0,
          0.0,
          1.0
        ]
      ]
    },
    {
      "file_path": "./images/1.jpg",
      "sharpness": 113.78957449097007,
      "transform_matrix": [
        [
          0.9422695677286812,
          -0.08832019640178176,
          0.32299784001188175,
          1.418377583397706
        ],
        [
          0.3174011559452462,
          -0.0717822356356879,
          -0.9455706302819845,
          -3.6399219783642947
        ],
        [
          0.10669849083981259,
          0.9935023168403309,
          -0.03960528371180129,
          0.030855232331129863
        ],
        [
          0.0,
          0.0,
          0.0,
          1.0
        ]
      ]
    },
    {
      "file_path": "./images/10.jpg",
      "sharpness": 118.60690622642795,
      "transform_matrix": [
        [
          -0.03915686038841499,
          -0.11675093126827917,
          0.9923890166385854,
          3.669611750119501
        ],
        [
          0.9935327123078186,
          -0.11048115242194585,
          0.026204284647615646,
          0.265365116399784
        ],
        [
          0.1065809075732843,
          0.9869970288809472,
          0.12032196446837447,
          0.5913510828517491
        ],
        [
          0.0,
          0.0,
          0.0,
          1.0
        ]
      ]
    },
    {
      "file_path": "./images/106.jpg",
      "sharpness": 131.0318198027812,
      "transform_matrix": [
        [
          0.936283002743142,
          0.05983512068463336,
          0.34611254978594325,
          1.274592408252734
        ],
        [
          -0.35120009842820116,
          0.14345038769287943,
          0.9252461710998262,
          3.733147053399748
        ],
        [
          0.005712236858588526,
          -0.987847024905999,
          0.15532426000766364,
          0.18141055408028162
        ],
        [
          0.0,
          0.0,
          0.0,
          1.0
        ]
      ]
    },
    {
      "file_path": "./images/107.jpg",
      "sharpness": 131.68128392099703,
      "transform_matrix": [
        [
          0.9329329738723522,
          0.13795243980001146,
          0.3325735867853905,
          1.2942063084510396
        ],
        [
          -0.3471625052466347,
          0.09973766296281743,
          0.9324862430822777,
          3.7121279969444942
        ],
        [
          0.09546864000401024,
          -0.9854042434210815,
          0.14094046912083721,
          0.17234182388569058
        ],
        [
          0.0,
          0.0,
          0.0,
          1.0
        ]
      ]
    },
    {
      "file_path": "./images/108.jpg",
      "sharpness": 131.45909985321478,
      "transform_matrix": [
        [
          0.8963267150621996,
          0.2685003919879206,
          0.3528540199296667,
          1.266267188197226
        ],
        [
          -0.3829930730464768,
          0.06785113743003221,
          0.9212559520285186,
          3.4037640039110117
        ],
        [
          0.2234160376418751,
          -0.9608869666428874,
          0.16365057736753194,
          0.2460594331380683
        ],
        [
          0.0,
          0.0,
          0.0,
          1.0
        ]
      ]
    },
    {
      "file_path": "./images/109.jpg",
      "sharpness": 137.23034173174676,
      "transform_matrix": [
        [
          0.9175138706516514,
          0.21082600264004553,
          0.3372249898584481,
          1.2520739905577511
        ],
        [
          -0.3662788393855407,
          0.1175958657775419,
          0.9230444323923502,
          3.4341325224118293
        ],
        [
          0.15494550329620205,
          -0.970424447844915,
          0.1851169415414735,
          0.28913351854986036
        ],
        [
          0.0,
          0.0,
          0.0,
          1.0
        ]
      ]
    },
    {
      "file_path": "./images/111.jpg",
      "sharpness": 139.24665410544296,
      "transform_matrix": [
        [
          0.8875675192462348,
          0.33769427953841435,
          0.31334720735711424,
          1.3061046358005444
        ],
        [
          -0.36534269160163096,
          0.10164174397469379,
          0.9253073400633776,
          3.7502368433239455
        ],
        [
          0.2806218389289319,
          -0.9357518525020868,
          0.2135880475765178,
          0.4670309936768823
        ],
        [
          0.0,
          0.0,
          0.0,
          1.0
        ]
      ]
    },
    {
      "file_path": "./images/115.jpg",
      "sharpness": 124.96453209864538,
      "transform_matrix": [
        [
          0.918452098745821,
          -0.38162403931746164,
          0.10396554687398998,
          0.5714560675375313
        ],
        [
          -0.27794907897283017,
          -0.8097296611690609,
          -0.5167999470987773,
          -1.9687189737321562
        ],
        [
          0.2814072703744179,
          0.44575886804606885,
          -0.8497699569596457,
          -3.6730638478710667
        ],
        [
          0.0,
          0.0,
          0.0,
          1.0
        ]
      ]
    },
    {
      "file_path": "./images/116.jpg",
      "sharpness": 121.62425505313274,
      "transform_matrix": [
        [
          0.9344402015867214,
          -0.3488432469565813,
          0.07162331131512746,
          0.44486723061518474
        ],
        [
          -0.18933979780950386,
          -0.6570052429185449,
          -0.7297222428726602,
          -2.869465569120725
        ],
        [
          0.3016155676293637,
          0.6683206564493894,
          -0.6799820214823078,
          -3.0061198050822555
        ],
        [
          0.0,
          0.0,
          0.0,
          1.0
        ]
      ]
    },
    {
      "file_path": "./images/117.jpg",
      "sharpness": 120.10524458296005,
      "transform_matrix": [
        [
          0.9633750031104681,
          -0.2635960533566335,
          -0.0492516400650684,
          -0.08677191420490821
        ],
        [
          -0.1631004448871891,
          -0.4301935483562013,
          -0.8878804851050655,
          -3.6289789703472852
        ],
        [
          0.2128540539241143,
          0.863394829505853,
          -0.45743034455873294,
          -2.0795576619256235
        ],
        [
          0.0,
          0.0,
          0.0,
          1.0
        ]
      ]
    },
    {
      "file_path": "./images/118.jpg",
      "sharpness": 118.95773797264164,
      "transform_matrix": [
        [
          0.9484230277439998,
          -0.31504022522251784,
          -0.035262117761628506,
          -0.11978552838033554
        ],
        [
          -0.1489191451600265,
          -0.34457467450175333,
          -0.9268718260347123,
          -3.8372633889543932
        ],
        [
          0.2798514760764265,
          0.8843177880120464,
          -0.37371807710601584,
          -1.6564678016319447
        ],
        [
          0.0,
          0.0,
          0.0,
          1.0
        ]
      ]
    },
    {
      "file_path": "./images/123.jpg",
      "sharpness": 112.67362593601646,
      "transform_matrix": [
        [
          0.8212513370983064,
          -0.2571398011740782,
          0.5093381626962444,
          2.1439248223228162
        ],
        [
          0.4918446380625865,
          -0.13341653623953964,
          -0.8604004183326691,
          -3.3318666713988723
        ],
        [
          0.28919732594170033,
          0.957120238278444,
          0.01690432366220335,
          0.3053647657267496
        ],
        [
          0.0,
          0.0,
          0.0,
          1.0
        ]
      ]
    },
    {
      "file_path": "./images/124.jpg",
      "sharpness": 112.94375608188919,
      "transform_matrix": [
        [
          0.6973980504353938,
          -0.17772396604627475,
          0.6942983156785568,
          2.84066804503438
        ],
        [
          0.6401180168596008,
          -0.2812137930143879,
          -0.7149599479063827,
          -2.6437746712849854
        ],
        [
          0.32231178034162816,
          0.9430445347504213,
          -0.08235363830981192,
          -0.13627398827737502
        ],
        [
          0.0,
          0.0,
          0.0,
          1.0
        ]
      ]
    },
    {
      "file_path": "./images/125.jpg",
      "sharpness": 113.16384780721654,
      "transform_matrix": [
        [
          0.6110095455398676,
          -0.033879689979190136,
          0.7908979086319958,
          3.3062553726095656
        ],
        [
          0.7566637556136462,
          -0.2686289811155123,
          -0.5960691498858159,
          -2.055027493922967
        ],
        [
          0.23265273736649342,
          0.962647722234532,
          -0.13849933821154678,
          -0.34080254471525473
        ],
        [
          0.0,
          0.0,
          0.0,
          1.0
        ]
      ]
    },
    {
      "file_path": "./images/126.jpg",
      "sharpness": 114.69121728062576,
      "transform_matrix": [
        [
          0.6038730210495307,
          -0.19447126065586903,
          0.7729930809779714,
          3.1227458477099734
        ],
        [
          0.7737701429614968,
          -0.08979241557978956,
          -0.6270702416522381,
          -2.0646579171022683
        ],
        [
          0.1913560563813671,
          0.9767897680133689,
          0.09625283789609189,
          0.580205409995599
        ],
        [
          0.0,
          0.0,
          0.0,
          1.0
        ]
      ]
    },
    {
      "file_path": "./images/127.jpg",
      "sharpness": 118.69459790323447,
      "transform_matrix": [
        [
          0.4978168584304346,
          -0.3420169495484561,
          0.7969960989216999,
          3.048441832094846
        ],
        [
          0.8355827770406106,
          -0.057037906734013155,
          -0.5463955526069082,
          -1.7591941220713774
        ],
        [
          0.23233552930712598,
          0.9379611310866593,
          0.25738904095688275,
          1.1162554629916899
        ],
        [
          0.0,
          0.0,
          0.0,
          1.0
        ]
      ]
    },
    {
      "file_path": "./images/128.jpg",
      "sharpness": 113.32728674026428,
      "transform_matrix": [
        [
          0.34778894154543555,
          0.07716300013620776,
          0.9343921679686061,
          3.6850929357304962
        ],
        [
          0.9341757336457323,
          -0.11328101699461283,
          -0.33835352792047146,
          -0.9302328881205059
        ],
        [
          0.07974052173827105,
          0.9905621043685237,
          -0.11148168726029446,
          -0.36537641632506956
        ],
        [
          0.0,
          0.0,
          0.0,
          1.0
        ]
      ]
    },
    {
      "file_path": "./images/129.jpg",
      "sharpness": 113.00298224083335,
      "transform_matrix": [
        [
          0.12224142273174704,
          0.18855238205606958,
          0.9744254890969789,
          3.811506514439349
        ],
        [
          0.979498346128785,
          -0.18131567291310582,
          -0.08779303324949998,
          -0.014683606830533928
        ],
        [
          0.16012502771218004,
          0.9651801002865777,
          -0.2068510322030251,
          -0.5617063934311143
        ],
        [
          0.0,
          0.0,
          0.0,
          1.0
        ]
      ]
    },
    {
      "file_path": "./images/13.jpg",
      "sharpness": 133.59118630114057,
      "transform_matrix": [
        [
          -0.9043661202435137,
          -0.10764277808307172,
          0.41295877868697656,
          1.4044970106151753
        ],
        [
          0.4182858471524746,
          -0.031731515709894,
          0.9077610153464373,
          3.6267070354710205
        ],
        [
          -0.08461010955395598,
          0.9936831201393033,
          0.07372235837232646,
          0.46118123469718697
        ],
        [
          0.0,
          0.0,
          0.0,
          1.0
        ]
      ]
    },
    {
      "file_path": "./images/130.jpg",
      "sharpness": 112.90900957988036,
      "transform_matrix": [
        [
          -0.12106138828428152,
          0.0679585838503554,
          0.9903159956095444,
          3.824871305361341
        ],
        [
          0.9913263079423148,
          -0.043130679115333685,
          0.12414465635142802,
          0.7637634810128342
        ],
        [
          0.051149696467649525,
          0.9967554240698061,
          -0.06214767213001483,
          -0.01972541942463364
        ],
        [
          0.0,
          0.0,
          0.0,
          1.0
        ]
      ]
    },
    {
      "file_path": "./images/131.jpg",
      "sharpness": 110.80011576167514,
      "transform_matrix": [
        [
          -0.40058072086024815,
          -0.07799284509296565,
          0.9129360340143087,
          3.633894547166561
        ],
        [
          0.9162512361135086,
          -0.03880710880821096,
          0.39872005295259505,
          1.6900591311206408
        ],
        [
          0.004331096681539041,
          0.9961983358913613,
          0.08700642034533443,
          0.5163411701490854
        ],
        [
          0.0,
          0.0,
          0.0,
          1.0
        ]
      ]
    },
    {
      "file_path": "./images/132.jpg",
      "sharpness": 116.9141820232936,
      "transform_matrix": [
        [
          -0.5072412321663312,
          -0.048667972830490194,
          0.8604288237985401,
          3.5470208908119774
        ],
        [
          0.8616782360078191,
          -0.045704717426087296,
          0.5053926160872947,
          2.0887709205576104
        ],
        [
          0.01472922214850608,
          0.9977687644128939,
          0.06511945016167575,
          0.43098466501725746
        ],
        [
          0.0,
          0.0,
          0.0,
          1.0
        ]
      ]
    },
    {
      "file_path": "./images/133.jpg",
      "sharpness": 112.44483701535155,
      "transform_matrix": [
        [
          -0.6915628993018818,
          0.01027725725434743,
          0.722243126865801,
          2.9295304947888403
        ],
        [
          0.711494102892408,
          -0.1627449877559862,
          0.683586286074945,
          2.9290062106262993
        ],
        [
          0.12456684095615608,
          0.9866146395405854,
          0.10523618764900268,
          0.5112596519645174
        ],
        [
          0.0,
          0.0,
          0.0,
          1.0
        ]
      ]
    },
    {
      "file_path": "./images/134.jpg",
      "sharpness": 112.32529356951954,
      "transform_matrix": [
        [
          -0.8522988440112026,
          0.033484657500998743,
          0.5219822393737117,
          1.9821215166646262
        ],
        [
          0.5130696936608206,
          -0.14054612499431204,
          0.8467622312054193,
          3.710595472712703
        ],
        [
          0.1017161243565236,
          0.9895077384605849,
          0.10260733689653123,
          0.4796649863833428
        ],
        [
          0.0,
          0.0,
          0.0,
          1.0
        ]
      ]
    },
    {
      "file_path": "./images/135.jpg",
      "sharpness": 112.0614260210837,
      "transform_matrix": [
        [
          -0.923246081335401,
          0.018391250478927614,
          0.38376872621024516,
          1.2987971379299044
        ],
        [
          0.38256129275541995,
          -0.04840749705646312,
          0.9226611357991272,
          4.039157283159707
        ],
        [
          0.03554617554003859,
          0.9986583380451065,
          0.037656251406027234,
          0.1865783360856905
        ],
        [
          0.0,
          0.0,
          0.0,
          1.0
        ]
      ]
    },
    {
      "file_path": "./images/136.jpg",
      "sharpness": 108.48841219826303,
      "transform_matrix": [
        [
          -0.9749745033409207,
          0.045315408877231615,
          0.2176493316456561,
          0.5761514805877211
        ],
        [
          0.20743592045508458,
          -0.1667266594129998,
          0.9639359729494685,
          4.046452027836379
        ],
        [
          0.07996909873442958,
          0.9849612859252057,
          0.15315419840363326,
          0.6745906043404775
        ],
        [
          0.0,
          0.0,
          0.0,
          1.0
        ]
      ]
    },
    {
      "file_path": "./images/137.jpg",
      "sharpness": 109.06830224920532,
      "transform_matrix": [
        [
          -0.984873951180672,
          -0.08664915470661932,
          -0.15005073904112057,
          -1.0193025899993307
        ],
        [
          -0.11271269029909284,
          -0.337347392508058,
          0.9346082528063085,
          3.72978753468861
        ],
        [
          -0.1316022406469261,
          0.9373839452261048,
          0.32247820004078276,
          1.242618297295684
        ],
        [
          0.0,
          0.0,
          0.0,
          1.0
        ]
      ]
    },
    {
      "file_path": "./images/138.jpg",
      "sharpness": 112.73452083558048,
      "transform_matrix": [
        [
          -0.9387975436917435,
          0.004866533178075025,
          -0.3444350284532072,
          -1.8014989885443007
        ],
        [
          -0.3305313210676707,
          -0.29427901169935233,
          0.8967435023832722,
          3.4922259449731246
        ],
        [
          -0.09699596776127677,
          0.955707162335567,
          0.27787695498375464,
          1.057077350993355
        ],
        [
          0.0,
          0.0,
          0.0,
          1.0
        ]
      ]
    },
    {
      "file_path": "./images/139.jpg",
      "sharpness": 111.46965901564147,
      "transform_matrix": [
        [
          -0.7731731724033175,
          0.1468096165076021,
          -0.6169685421389547,
          -2.773300707961793
        ],
        [
          -0.6333731245351355,
          -0.12923945339155432,
          0.7629781443814474,
          2.973453624671117
        ],
        [
          0.032275851634499524,
          0.9806855256402374,
          0.19290974369764363,
          0.7907722556753882
        ],
        [
          0.0,
          0.0,
          0.0,
          1.0
        ]
      ]
    },
    {
      "file_path": "./images/14.jpg",
      "sharpness": 118.89943114685182,
      "transform_matrix": [
        [
          -0.9349832135031565,
          -0.12552339580589655,
          0.3317382516157182,
          1.168774645966527
        ],
        [
          0.34296809773345727,
          -0.0814690324278706,
          0.9358075019428221,
          3.7397673578007655
        ],
        [
          -0.09043934108605017,
          0.9887399424889272,
          0.11922269802099547,
          0.6006725468503044
        ],
        [
          0.0,
          0.0,
          0.0,
          1.0
        ]
      ]
    },
    {
      "file_path": "./images/140.jpg",
      "sharpness": 115.02606236995959,
      "transform_matrix": [
        [
          -0.49768085169775356,
          0.175973211078426,
          -0.8493216109628514,
          -3.5836613878271084
        ],
        [
          -0.8673565214317568,
          -0.10383461592567586,
          0.4867350791400546,
          1.9360142523310258
        ],
        [
          -0.0025366484509167665,
          0.97890336679915,
          0.20430801231575935,
          0.799891493877103
        ],
        [
          0.0,
          0.0,
          0.0,
          1.0
        ]
      ]
    },
    {
      "file_path": "./images/141.jpg",
      "sharpness": 113.59162315862805,
      "transform_matrix": [
        [
          -0.3351507107640817,
          0.17308103309272485,
          -0.9261300972705032,
          -3.8660928211081034
        ],
        [
          -0.9420815991582856,
          -0.0485216770959395,
          0.33185525064291066,
          1.3167367267839856
        ],
        [
          0.012500464089929726,
          0.983711646188979,
          0.1793185310061318,
          0.651339556606441
        ],
        [
          0.0,
          0.0,
          0.0,
          1.0
        ]
      ]
    },
    {
      "file_path": "./images/142.jpg",
      "sharpness": 108.5568368755182,
      "transform_matrix": [
        [
          -0.3199148495962488,
          0.10228235037319842,
          -0.9419091303423756,
          -3.98041692426101
        ],
        [
          -0.9467766428458545,
          -0.07188381947802114,
          0.31376217914033216,
          1.278843385879589
        ],
        [
          -0.03561569274954152,
          0.992154744640083,
          0.11983524160543518,
          0.45613910967379473
        ],
        [
          0.0,
          0.0,
          0.0,
          1.0
        ]
      ]
    },
    {
      "file_path": "./images/143.jpg",
      "sharpness": 112.11398098546107,
      "transform_matrix": [
        [
          -0.23472714454938406,
          -0.02308229688541896,
          -0.9717872067456805,
          -4.227571263387802
        ],
        [
          -0.9698455548355506,
          -0.06190072116886645,
          0.23572844649002897,
          0.8223989402959938
        ],
        [
          -0.0655954829064574,
          0.9978153678420213,
          -0.00785648350420243,
          -0.07517212098920323
        ],
        [
          0.0,
          0.0,
          0.0,
          1.0
        ]
      ]
    },
    {
      "file_path": "./images/144.jpg",
      "sharpness": 106.82869504444183,
      "transform_matrix": [
        [
          0.11905665971969903,
          0.08849266547652082,
          -0.9889360747518692,
          -4.0625218071430895
        ],
        [
          -0.9922729971667429,
          0.04564053807098972,
          -0.1153743488754108,
          -0.5963934928296174
        ],
        [
          0.03492579090988468,
          0.9950306474947928,
          0.09324269241020308,
          0.3777655267946314
        ],
        [
          0.0,
          0.0,
          0.0,
          1.0
        ]
      ]
    },
    {
      "file_path": "./images/146.jpg",
      "sharpness": 109.95822260826084,
      "transform_matrix": [
        [
          0.6995524521994904,
          0.033359575119557255,
          -0.7138021472242212,
          -2.7995575078651864
        ],
        [
          -0.7145499074639171,
          0.04201266215771062,
          -0.6983218211983888,
          -2.9196774642469965
        ],
        [
          0.006693009206886017,
          0.9985600006903597,
          0.05322714215057048,
          0.2595988064202065
        ],
        [
          0.0,
          0.0,
          0.0,
          1.0
        ]
      ]
    },
    {
      "file_path": "./images/148.jpg",
      "sharpness": 112.03280403526993,
      "transform_matrix": [
        [
          0.9714040622974996,
          0.05573286930361474,
          -0.23079860277629147,
          -0.7231316281229951
        ],
        [
          -0.23312820830775063,
          0.039635758209419475,
          -0.971637918754969,
          -3.905561100763572
        ],
        [
          -0.04500429152169394,
          0.9976586861060337,
          0.05149524050147328,
          0.2907673800750803
        ],
        [
          0.0,
          0.0,
          0.0,
          1.0
        ]
      ]
    },
    {
      "file_path": "./images/149.jpg",
      "sharpness": 115.89391975245833,
      "transform_matrix": [
        [
          0.9675025851477171,
          -0.05014990864627481,
          -0.2478381213769192,
          -0.8553278781687622
        ],
        [
          -0.24778990033446,
          0.007275210621760379,
          -0.96878647626954,
          -3.923270902867143
        ],
        [
          0.05038762781578247,
          0.9987152036419946,
          -0.005387855781195395,
          0.14722489099271
        ],
        [
          0.0,
          0.0,
          0.0,
          1.0
        ]
      ]
    },
    {
      "file_path": "./images/15.jpg",
      "sharpness": 118.2418005883412,
      "transform_matrix": [
        [
          -0.9456353844132758,
          -0.1877368364601001,
          0.26557221239033313,
          1.0189990174567625
        ],
        [
          0.28213324067628504,
          -0.06732810331401076,
          0.9570098019402624,
          3.9179937008715022
        ],
        [
          -0.1617855193244251,
          0.9799090808603083,
          0.11663463892396306,
          0.6418390995445636
        ],
        [
          0.0,
          0.0,
          0.0,
          1.0
        ]
      ]
    },
    {
      "file_path": "./images/150.jpg",
      "sharpness": 119.49735211413724,
      "transform_matrix": [
        [
          0.9803331452856537,
          -0.04889543004224721,
          -0.19119665579634812,
          -0.5998758789005424
        ],
        [
          -0.19373671364877404,
          -0.053905455895854895,
          -0.979571481623132,
          -3.960139522580114
        ],
        [
          0.03759002595461933,
          0.9973482033663534,
          -0.06231814505526902,
          -0.09332311567996629
        ],
        [
          0.0,
          0.0,
          0.0,
          1.0
        ]
      ]
    },
    {
      "file_path": "./images/151.jpg",
      "sharpness": 120.20123450404341,
      "transform_matrix": [
        [
          0.9970018153106027,
          0.005442297777578547,
          -0.07718653816987073,
          -0.13083937049449199
        ],
        [
          -0.07390698827125519,
          -0.22844368705271909,
          -0.9707477730752394,
          -3.923676247724137
        ],
        [
          -0.022915875818357422,
          0.9735419165359587,
          -0.227356546849792,
          -0.8166312296653044
        ],
        [
          0.0,
          0.0,
          0.0,
          1.0
        ]
      ]
    },
    {
      "file_path": "./images/152.jpg",
      "sharpness": 121.63579888686156,
      "transform_matrix": [
        [
          0.981780778698222,
          0.08470182764958899,
          -0.17009439433419885,
          -0.5413064182441656
        ],
        [
          -0.15312606040098103,
          -0.17736082235789483,
          -0.9721602482711948,
          -3.9092003082372475
        ],
        [
          -0.11251183145442997,
          0.9804941300678377,
          -0.16115938910834654,
          -0.6073578842638392
        ],
        [
          0.0,
          0.0,
          0.0,
          1.0
        ]
      ]
    },
    {
      "file_path": "./images/157.jpg",
      "sharpness": 134.2230158322914,
      "transform_matrix": [
        [
          0.4280788902089141,
          0.8357659543053912,
          -0.3438658654095946,
          -1.3706526302699937
        ],
        [
          -0.06315561752695499,
          -0.3518961458187384,
          -0.9339060287485091,
          -3.7436606129036667
        ],
        [
          -0.9015319360648172,
          0.42150251742245987,
          -0.0978559966187179,
          -0.3894897011073477
        ],
        [
          0.0,
          0.0,
          0.0,
          1.0
        ]
      ]
    },
    {
      "file_path": "./images/158.jpg",
      "sharpness": 129.50695610794648,
      "transform_matrix": [
        [
          0.1838025294283398,
          0.8978479090603227,
          -0.40010718861842104,
          -1.7514171712019
        ],
        [
          0.09220184548517606,
          -0.4209950463442449,
          -0.9023646661094614,
          -3.584220229115677
        ],
        [
          -0.9786293730913741,
          0.12896628691517464,
          -0.16016318857524153,
          -0.6964292669465151
        ],
        [
          0.0,
          0.0,
          0.0,
          1.0
        ]
      ]
    },
    {
      "file_path": "./images/16.jpg",
      "sharpness": 124.0884175799032,
      "transform_matrix": [
        [
          -0.8979489392833059,
          -0.3128791743270402,
          0.3095065826841185,
          1.1715973697042938
        ],
        [
          0.3205749045795705,
          0.016829604792552577,
          0.9470736481163599,
          3.9643715756940083
        ],
        [
          -0.3015284945168118,
          0.9496438209599668,
          0.08518908568279583,
          0.5554984648552563
        ],
        [
          0.0,
          0.0,
          0.0,
          1.0
        ]
      ]
    },
    {
      "file_path": "./images/160.jpg",
      "sharpness": 109.80754660465078,
      "transform_matrix": [
        [
          -0.13872944955573108,
          0.8678097787435862,
          -0.4771376402625956,
          -2.1521348649925764
        ],
        [
          0.3010068899945746,
          -0.42205274135069304,
          -0.8551411203387803,
          -3.3315372997003356
        ],
        [
          -0.9434770755101688,
          -0.26225497411186405,
          -0.20266557811541766,
          -0.6577096017446984
        ],
        [
          0.0,
          0.0,
          0.0,
          1.0
        ]
      ]
    },
    {
      "file_path": "./images/161.jpg",
      "sharpness": 89.61312137297794,
      "transform_matrix": [
        [
          -0.38902177643159014,
          0.8084884919637898,
          -0.441597572271987,
          -2.0070197825101537
        ],
        [
          0.2454344901678985,
          -0.3710721245088705,
          -0.8955821511444957,
          -3.545511768994222
        ],
        [
          -0.8879324121294261,
          -0.45678423438861315,
          -0.054075823771060835,
          0.09345587880380592
        ],
        [
          0.0,
          0.0,
          0.0,
          1.0
        ]
      ]
    },
    {
      "file_path": "./images/163.jpg",
      "sharpness": 115.80204166406952,
      "transform_matrix": [
        [
          -0.800424587853695,
          0.46705727894561266,
          -0.37573657974111213,
          -1.660634938316054
        ],
        [
          0.37151116943253193,
          -0.10538979114735937,
          -0.9224274729803388,
          -3.7355994068231313
        ],
        [
          -0.4704252652202137,
          -0.8779239660234132,
          -0.08916041574994868,
          0.08008577272890814
        ],
        [
          0.0,
          0.0,
          0.0,
          1.0
        ]
      ]
    },
    {
      "file_path": "./images/164.jpg",
      "sharpness": 120.57995798462072,
      "transform_matrix": [
        [
          -0.9201699727592246,
          0.23071142596185065,
          -0.31632176525702904,
          -1.3428488867321138
        ],
        [
          0.30617797157714827,
          -0.07950377590069328,
          -0.9486486174229848,
          -3.9096392425345874
        ],
        [
          -0.2440128499999015,
          -0.9697687289042841,
          0.0025182308841256076,
          0.5021900766810148
        ],
        [
          0.0,
          0.0,
          0.0,
          1.0
        ]
      ]
    },
    {
      "file_path": "./images/165.jpg",
      "sharpness": 118.78144130796976,
      "transform_matrix": [
        [
          -0.8831551079338156,
          -0.012066742102315163,
          -0.46892584603307214,
          -1.9126152445955005
        ],
        [
          0.4683126136467586,
          0.03451670162589176,
          -0.8828883809453583,
          -3.710049963967944
        ],
        [
          0.026839359910190642,
          -0.999331271929575,
          -0.024832593817797177,
          0.36919229256005703
        ],
        [
          0.0,
          0.0,
          0.0,
          1.0
        ]
      ]
    },
    {
      "file_path": "./images/166.jpg",
      "sharpness": 121.11538954466246,
      "transform_matrix": [
        [
          -0.9058814303453787,
          -0.02074288054962803,
          -0.4230231282971433,
          -1.7137646937925004
        ],
        [
          0.4211026542452217,
          0.06269917978667018,
          -0.9048432833600598,
          -3.793865189577647
        ],
        [
          0.045292259317893116,
          -0.9978168899016636,
          -0.04806314061049089,
          0.32081098914117684
        ],
        [
          0.0,
          0.0,
          0.0,
          1.0
        ]
      ]
    },
    {
      "file_path": "./images/167.jpg",
      "sharpness": 119.01797364293948,
      "transform_matrix": [
        [
          -0.8501509411128445,
          -0.29999022087323807,
          -0.4327230577606853,
          -1.6582974561343735
        ],
        [
          0.39155716979594507,
          0.18925864539791346,
          -0.9004799542042239,
          -3.7528997576220378
        ],
        [
          0.3520317600978788,
          -0.9349796963221931,
          -0.043435093647192606,
          0.27783024011038837
        ],
        [
          0.0,
          0.0,
          0.0,
          1.0
        ]
      ]
    },
    {
      "file_path": "./images/169.jpg",
      "sharpness": 123.24773167604313,
      "transform_matrix": [
        [
          -0.6783277193245972,
          -0.61903017314443,
          -0.39581959267455935,
          -1.3976518912877447
        ],
        [
          0.35514526912434985,
          0.1953709120153475,
          -0.9141674051053177,
          -3.8031548829532222
        ],
        [
          0.6432288418797109,
          -0.760678546751072,
          0.08732013226773437,
          0.6942223305465448
        ],
        [
          0.0,
          0.0,
          0.0,
          1.0
        ]
      ]
    },
    {
      "file_path": "./images/170.jpg",
      "sharpness": 134.1733908344403,
      "transform_matrix": [
        [
          -0.5035958544213649,
          -0.7821702066844973,
          -0.3668800665028442,
          -1.2691016801414858
        ],
        [
          0.22927453445525342,
          0.28843609042245094,
          -0.9296439154817522,
          -3.8117272592875424
        ],
        [
          0.832961225551357,
          -0.5522810783730081,
          0.03407649060010514,
          0.3366047206257877
        ],
        [
          0.0,
          0.0,
          0.0,
          1.0
        ]
      ]
    },
    {
      "file_path": "./images/171.jpg",
      "sharpness": 149.34642717929816,
      "transform_matrix": [
        [
          -0.3334658207840813,
          -0.8601169587958026,
          -0.3860043569353132,
          -1.4058329582697244
        ],
        [
          0.1945301809514199,
          0.33785304433138785,
          -0.9208763918871665,
          -3.7411262390096103
        ],
        [
          0.9224741487326167,
          -0.38217029926400015,
          0.05465626490156552,
          0.40950697040763906
        ],
        [
          0.0,
          0.0,
          0.0,
          1.0
        ]
      ]
    },
    {
      "file_path": "./images/173.jpg",
      "sharpness": 137.81994909746427,
      "transform_matrix": [
        [
          -0.04858435806455898,
          -0.9479673546392197,
          -0.3146386096812672,
          -1.0617762000027797
        ],
        [
          0.12568502415108623,
          0.30670441105503193,
          -0.943470020161548,
          -3.7885897207314096
        ],
        [
          0.9908798286714213,
          -0.08538324653935948,
          0.1042442629355942,
          0.4259066204585251
        ],
        [
          0.0,
          0.0,
          0.0,
          1.0
        ]
      ]
    },
    {
      "file_path": "./images/174.jpg",
      "sharpness": 139.6267215586559,
      "transform_matrix": [
        [
          -0.17044506454793337,
          -0.9516903672078987,
          -0.25540932823084656,
          -0.7349604838386836
        ],
        [
          0.06136650353954795,
          0.24844687956072284,
          -0.966699694982871,
          -3.8813505108843507
        ],
        [
          0.9834544383076662,
          -0.18044276935473477,
          0.01605536586435719,
          0.03076345712743529
        ],
        [
          0.0,
          0.0,
          0.0,
          1.0
        ]
      ]
    },
    {
      "file_path": "./images/175.jpg",
      "sharpness": 137.92735503200387,
      "transform_matrix": [
        [
          0.2738395641324518,
          -0.9173182798182734,
          -0.2890312554714084,
          -0.9810680240748788
        ],
        [
          0.03555049536626465,
          0.30996725114736007,
          -0.9500823466918368,
          -3.85713865867136
        ],
        [
          0.9611181277072072,
          0.2498949313996878,
          0.11749241620559657,
          0.31401688897148305
        ],
        [
          0.0,
          0.0,
          0.0,
          1.0
        ]
      ]
    },
    {
      "file_path": "./images/177.jpg",
      "sharpness": 144.17958284847737,
      "transform_matrix": [
        [
          0.859605640154093,
          -0.4648905767706849,
          -0.2120256943332071,
          -0.8827011157325686
        ],
        [
          -0.15455323726912928,
          0.1589502544512145,
          -0.9751144104460929,
          -3.909551585013964
        ],
        [
          0.48702303875414943,
          0.8709831044584267,
          0.06478419161437018,
          0.33327721390222714
        ],
        [
          0.0,
          0.0,
          0.0,
          1.0
        ]
      ]
    },
    {
      "file_path": "./images/178.jpg",
      "sharpness": 141.32380765786982,
      "transform_matrix": [
        [
          0.9513794925653535,
          -0.27254766641041156,
          -0.14350899160929068,
          -0.6895679391996838
        ],
        [
          -0.11788588848289168,
          0.10825542777806135,
          -0.9871087476328497,
          -4.0300670944614225
        ],
        [
          0.28456981293729916,
          0.9560327044109076,
          0.07086247013820712,
          0.40781131063221326
        ],
        [
          0.0,
          0.0,
          0.0,
          1.0
        ]
      ]
    },
    {
      "file_path": "./images/179.jpg",
      "sharpness": 143.8326477808664,
      "transform_matrix": [
        [
          0.9873317052692276,
          -0.1395467871915766,
          -0.0755168720687917,
          -0.5026962283034428
        ],
        [
          -0.06622232165718069,
          0.07009512202447381,
          -0.9953397801669596,
          -4.029635615815691
        ],
        [
          0.144189832848838,
          0.9877314250672266,
          0.05996602413185162,
          0.38516481510125333
        ],
        [
          0.0,
          0.0,
          0.0,
          1.0
        ]
      ]
    },
    {
      "file_path": "./images/180.jpg",
      "sharpness": 139.69731572005585,
      "transform_matrix": [
        [
          0.9942486343945989,
          -0.0728636534654703,
          -0.07848911402561126,
          -0.43616567600399747
        ],
