{
  "camera_angle_x": 0.9056564939503676,
  "camera_angle_y": 0.9056564939503676,
  "fl_x": 1298.9467507126078,
  "fl_y": 1298.9467507126078,
  "k1": 0.01128497069502811,
  "k2": 0,
  "k3": 0,
  "k4": 0,
  "p1": 0,
  "p2": 0,
  "is_fisheye": false,
  "cx": 632.0,
  "cy": 632.0,
  "w": 1264.0,
  "h": 1264.0,
  "aabb_scale": 2,
  "frames": [
    {
      "file_path": "./images/0.jpg",
      "sharpness": 130.43604159244924,
      "transform_matrix": [
        [
          0.9949493563944524,
          -0.020502346593855254,
          0.0982620576863761,
          0.49400064930106524
        ],
        [
          0.09425991666129768,
          -0.1457059879252915,
          -0.9848273113564319,
          -3.999885410086487
        ],
        [
          0.034508641063289575,
          0.9891154729622466,
          -0.1430375294277888,
          -0.47155737598383146
        ],
        [
          0.0,
          0.0,
          0.0,
          1.0
        ]
      ]
    },
    {
      "file_path": "./images/1.jpg",
      "sharpness": 127.70655168331567,
      "transform_matrix": [
        [
          0.9597585661829666,
          -0.004290717146269247,
          0.28079366868064787,
          1.179274419434647
        ],
        [
          0.27872701314356135,
          -0.10748030324705955,
          -0.954337066532474,
          -3.7600685953979456
        ],
        [
          0.03427457907434157,
          0.9941979552114456,
          -0.10195920296288481,
          -0.28632579689637544
        ],
        [
          0.0,
          0.0,
          0.0,
          1.0
        ]
      ]
    },
    {
      "file_path": "./images/10.jpg",
      "sharpness": 123.3966679518783,
      "transform_matrix": [
        [
          0.007494680151773691,
          -0.025463994232145504,
          0.999647645299842,
          3.736741484799527
        ],
        [
          0.9899916548254439,
          -0.14069607745347648,
          -0.01100623300696082,
          0.07313770083302461
        ],
        [
          0.14092676518309882,
          0.9897253148088119,
          0.024154669689224296,
          0.1806273404108934
        ],
        [
          0.0,
          0.0,
          0.0,
          1.0
        ]
      ]
    },
    {
      "file_path": "./images/116.jpg",
      "sharpness": 137.55186123523413,
      "transform_matrix": [
        [
          0.9484195496085681,
          -0.3156089897232836,
          -0.029855041659316583,
          -0.11581184251925285
        ],
        [
          -0.2453760830948825,
          -0.6711983500729537,
          -0.6994879217714745,
          -2.7897519909759616
        ],
        [
          0.20072602161084158,
          0.6707337329061331,
          -0.7140205345620374,
          -3.3006179922902183
        ],
        [
          0.0,
          0.0,
          0.0,
          1.0
        ]
      ]
    },
    {
      "file_path": "./images/117.jpg",
      "sharpness": 140.3046878095178,
      "transform_matrix": [
        [
          0.9693206287639191,
          -0.21024511435766868,
          -0.1273362105914961,
          -0.5559611088315223
        ],
        [
          -0.21189006346553624,
          -0.452163617513361,
          -0.8664009833798787,
          -3.5950830527122584
        ],
        [
          0.12457977220880519,
          0.866801623715155,
          -0.4828403726567846,
          -2.3014183389181375
        ],
        [
          0.0,
          0.0,
          0.0,
          1.0
        ]
      ]
    },
    {
      "file_path": "./images/118.jpg",
      "sharpness": 141.6609972704872,
      "transform_matrix": [
        [
          0.9610984543727881,
          -0.2545947987676819,
          -0.10710391883134655,
          -0.5580716109969116
        ],
        [
          -0.1974222355588945,
          -0.3620175582523424,
          -0.9110256573904812,
          -3.825105103573302
        ],
        [
          0.1931688947409435,
          0.896730046304748,
          -0.39819719002651977,
          -1.863380678909442
        ],
        [
          0.0,
          0.0,
          0.0,
          1.0
        ]
      ]
    },
    {
      "file_path": "./images/123.jpg",
      "sharpness": 131.8649978130886,
      "transform_matrix": [
        [
          0.8617005100750046,
          -0.17503876973466995,
          0.4762705743719642,
          1.9623309196793082
        ],
        [
          0.4524468705135771,
          -0.159855611489793,
          -0.8773471449987817,
          -3.496862719894367
        ],
        [
          0.22970428879163704,
          0.9714976132505984,
          -0.05855191837410835,
          -0.07467638851567496
        ],
        [
          0.0,
          0.0,
          0.0,
          1.0
        ]
      ]
    },
    {
      "file_path": "./images/124.jpg",
      "sharpness": 131.29162036262525,
      "transform_matrix": [
        [
          0.7462896868687535,
          -0.10532670803727562,
          0.6572351084914125,
          2.6682290867138563
        ],
        [
          0.6033284664112543,
          -0.31002885635797917,
          -0.7347631385984372,
          -2.818724716763919
        ],
        [
          0.28115203161961483,
          0.9448748027050887,
          -0.1678247368993986,
          -0.5614993904784118
        ],
        [
          0.0,
          0.0,
          0.0,
          1.0
        ]
      ]
    },
    {
      "file_path": "./images/125.jpg",
      "sharpness": 129.79575419922284,
      "transform_matrix": [
        [
          0.6562198339114537,
          0.03980965479233977,
          0.7535188922335586,
          3.1514949665364047
        ],
        [
          0.7261871242544049,
          -0.3046272989375577,
          -0.616323348015426,
          -2.232395715975971
        ],
        [
          0.20500680511457642,
          0.9516393224928869,
          -0.2288117342449087,
          -0.7869985709425507
        ],
        [
          0.0,
          0.0,
          0.0,
          1.0
        ]
      ]
    },
    {
      "file_path": "./images/126.jpg",
      "sharpness": 132.6593374743528,
      "transform_matrix": [
        [
          0.6453199406618036,
          -0.10710685523962962,
          0.7563665088641048,
          3.0495537455316266
        ],
        [
          0.7470571034274578,
          -0.11836042512758417,
          -0.6541379777860423,
          -2.2602633850562825
        ],
        [
          0.15958652323489578,
          0.9871772542510779,
          0.0036345945125032977,
          0.15796803230761397
        ],
        [
          0.0,
          0.0,
          0.0,
          1.0
        ]
      ]
    },
    {
      "file_path": "./images/127.jpg",
      "sharpness": 139.06858657405417,
      "transform_matrix": [
        [
          0.5509720246847334,
          -0.2505344088322668,
          0.79602910624689,
          3.0377853332925375
        ],
        [
          0.8081382387208024,
          -0.07778342009095629,
          -0.5838341602510183,
          -1.9824330378619959
        ],
        [
          0.20818841257040208,
          0.964977849246471,
          0.1596099474382481,
          0.6976093217391104
        ],
        [
          0.0,
          0.0,
          0.0,
          1.0
        ]
      ]
    },
    {
      "file_path": "./images/128.jpg",
      "sharpness": 129.8561310477489,
      "transform_matrix": [
        [
          0.38876874253597615,
          0.16592894450386,
          0.9062706274558286,
          3.5887868216278096
        ],
        [
          0.9177194722057822,
          -0.15680280733948457,
          -0.3649710261714151,
          -1.1096584958821052
        ],
        [
          0.08154652144727649,
          0.9735915288110921,
          -0.21323625360922732,
          -0.8241652133885956
        ],
        [
          0.0,
          0.0,
          0.0,
          1.0
        ]
      ]
    },
    {
      "file_path": "./images/129.jpg",
      "sharpness": 129.97842745368789,
      "transform_matrix": [
        [
          0.17075371296738262,
          0.2663327414044057,
          0.9486358839671928,
          3.7605358282440187
        ],
        [
          0.9680040405145763,
          -0.22501685029600083,
          -0.11106572212046413,
          -0.1749361275005323
        ],
        [
          0.18387862043965703,
          0.9372482530928322,
          -0.29623363246905643,
          -0.9875681283700124
        ],
        [
          0.0,
          0.0,
          0.0,
          1.0
        ]
      ]
    },
    {
      "file_path": "./images/130.jpg",
      "sharpness": 130.48040313564826,
      "transform_matrix": [
        [
          -0.07942493168359706,
          0.160248145849799,
          0.983876116167634,
          3.861759696219296
        ],
        [
          0.99218850777147,
          -0.08253721370564415,
          0.0935391543673063,
          0.5930390738584984
        ],
        [
          0.09619586931172615,
          0.9836199164777193,
          -0.1524408561439317,
          -0.4286278484496826
        ],
        [
          0.0,
          0.0,
          0.0,
          1.0
        ]
      ]
    },
    {
      "file_path": "./images/131.jpg",
      "sharpness": 123.1166806138536,
      "transform_matrix": [
        [
          -0.36194582078482823,
          0.017984750158347326,
          0.9320256281693597,
          3.777636235661699
        ],
        [
          0.9295482609745598,
          -0.06838376727648848,
          0.36230331338819594,
          1.518106244800649
        ],
        [
          0.07025135822528455,
          0.9974969719859036,
          0.008033525541493561,
          0.14941119944982106
        ],
        [
          0.0,
          0.0,
          0.0,
          1.0
        ]
      ]
    },
    {
      "file_path": "./images/132.jpg",
      "sharpness": 131.16791088429656,
      "transform_matrix": [
        [
          -0.47176394719119324,
          0.043041507816229424,
          0.8806737231925573,
          3.6995065406208965
        ],
        [
          0.8772749961446564,
          -0.07730748814590653,
          0.4737215779503634,
          1.9417494623413392
        ],
        [
          0.08847236441618712,
          0.9960777986019548,
          -0.0012883528483936593,
          0.0999722601621717
        ],
        [
          0.0,
          0.0,
          0.0,
          1.0
        ]
      ]
    },
    {
      "file_path": "./images/133.jpg",
      "sharpness": 125.7869552207832,
      "transform_matrix": [
        [
          -0.6487883789908897,
          0.10135819937440585,
          0.7541884079540749,
          3.1335353868801854
        ],
        [
          0.7308163192181424,
          -0.1932319120106896,
          0.6546517667775428,
          2.8218286489160453
        ],
        [
          0.21208759238310906,
          0.975903654869112,
          0.05129239277334367,
          0.23531777201893284
        ],
        [
          0.0,
          0.0,
          0.0,
          1.0
        ]
      ]
    },
    {
      "file_path": "./images/134.jpg",
      "sharpness": 125.61690796858733,
      "transform_matrix": [
        [
          -0.8176059058707321,
          0.11723451036935141,
          0.5637168192010139,
          2.2338834192052484
        ],
        [
          0.541920058833018,
          -0.17410024096046672,
          0.8221993407512219,
          3.6643882818286775
        ],
        [
          0.1945333711953374,
          0.977724488627797,
          0.07881365246617614,
          0.3460769033321444
        ],
        [
          0.0,
          0.0,
          0.0,
          1.0
        ]
      ]
    },
    {
      "file_path": "./images/148.jpg",
      "sharpness": 133.3777808836593,
      "transform_matrix": [
        [
          0.9524291559905537,
          0.14821567128283605,
          -0.26629085149822673,
          -0.991166615648482
        ],
        [
          -0.26821428719692664,
          -0.007228874350540972,
          -0.963332154305506,
          -3.9250276785835383
        ],
        [
          -0.1447059050249105,
          0.9889286415854144,
          0.03286856992809235,
          0.15777508254191183
        ],
        [
          0.0,
          0.0,
          0.0,
          1.0
        ]
      ]
    },
    {
      "file_path": "./images/149.jpg",
      "sharpness": 138.5434978613908,
      "transform_matrix": [
        [
          0.9566473423360932,
          0.041318582847878,
          -0.2883030299859563,
          -1.1408102832963922
        ],
        [
          -0.2870953531965963,
          -0.032797036344314454,
          -0.9573403849100744,
          -3.9274483078389517
        ],
        [
          -0.049011432960151716,
          0.9986075951567024,
          -0.019512824518994294,
          0.026735366988053316
        ],
        [
          0.0,
          0.0,
          0.0,
          1.0
        ]
      ]
    },
    {
      "file_path": "./images/150.jpg",
      "sharpness": 142.20926620861644,
      "transform_matrix": [
        [
          0.9707557143428128,
          0.03716407040205759,
          -0.23717540961970848,
          -0.9054465078074998
        ],
        [
          -0.2329129252378307,
          -0.09362655075313177,
          -0.9679801848442183,
          -3.9733583979170244
        ],
        [
          -0.058179999263501696,
          0.9949135142571442,
          -0.08223251680672214,
          -0.24369220201019437
        ],
        [
          0.0,
          0.0,
          0.0,
          1.0
        ]
      ]
    },
    {
      "file_path": "./images/151.jpg",
      "sharpness": 142.11561421651376,
      "transform_matrix": [
        [
          0.9868268483338676,
          0.08129570520455048,
          -0.1398705820002596,
          -0.5006165843201992
        ],
        [
          -0.11325693930586536,
          -0.27021594760330414,
          -0.956115164276634,
          -3.9270970358910415
        ],
        [
          -0.1155233183936594,
          0.959361428223608,
          -0.25744904919273887,
          -1.0177050631969808
        ],
        [
          0.0,
          0.0,
          0.0,
          1.0
        ]
      ]
    },
    {
      "file_path": "./images/152.jpg",
      "sharpness": 143.08347994089664,
      "transform_matrix": [
        [
          0.9604356987714654,
          0.1624022981053988,
          -0.22624933609140668,
          -0.8910894005559058
        ],
        [
          -0.18798434472967987,
          -0.22137032646409469,
          -0.9568997150681736,
          -3.892975434393419
        ],
        [
          -0.2054876021763121,
          0.9615719796863856,
          -0.18208287459287267,
          -0.7553934285326027
        ],
        [
          0.0,
          0.0,
          0.0,
          1.0
        ]
      ]
    },
    {
      "file_path": "./images/157.jpg",
      "sharpness": 144.33926839248093,
      "transform_matrix": [
        [
          0.34898156751566867,
          0.8469863813286712,
          -0.40103109027158995,
          -1.6830620454702414
        ],
        [
          -0.04117002230374773,
          -0.41366568462876113,
          -0.9094975154578192,
          -3.690441928520546
        ],
        [
          -0.9362248099596512,
          0.3339083275270534,
          -0.10949125083891532,
          -0.44707270558559403
        ],
        [
          0.0,
          0.0,
          0.0,
          1.0
        ]
      ]
    },
    {
      "file_path": "./images/163.jpg",
      "sharpness": 125.21465497387837,
      "transform_matrix": [
        [
          -0.8066787978300496,
          0.3821790432069952,
          -0.450786530467805,
          -1.9474027592710523
        ],
        [
          0.4471635554752822,
          -0.10401891401059656,
          -0.8883832619892043,
          -3.6958972798161267
        ],
        [
          -0.38641179041800927,
          -0.9182152495181396,
          -0.08698668728292608,
          0.03186217158793738
        ],
        [
          0.0,
          0.0,
          0.0,
          1.0
        ]
      ]
    },
    {
      "file_path": "./images/164.jpg",
      "sharpness": 130.89171150201574,
      "transform_matrix": [
        [
          -0.9121618583968637,
          0.14122206093103107,
          -0.3847298709207835,
          -1.5951237907238573
        ],
        [
          0.37963361943809687,
          -0.06250573556514652,
          -0.9230229401339975,
          -3.904401477543413
        ],
        [
          -0.15439902546813028,
          -0.9880027138191732,
          0.0034027057778122437,
          0.4282926837367744
        ],
        [
          0.0,
          0.0,
          0.0,
          1.0
        ]
      ]
    },
    {
      "file_path": "./images/165.jpg",
      "sharpness": 130.1607785143911,
      "transform_matrix": [
        [
          -0.8399330188009252,
          -0.0980901889304663,
          -0.5337516639317391,
          -2.1792079419596324
        ],
        [
          0.529463686600044,
          0.06770032403936911,
          -0.8456269098702297,
          -3.6670864505426426
        ],
        [
          0.11908286395858848,
          -0.9928720869008061,
          -0.004928544493768686,
          0.34802866055836307
        ],
        [
          0.0,
          0.0,
          0.0,
          1.0
        ]
      ]
    },
    {
      "file_path": "./images/166.jpg",
      "sharpness": 132.0737801844452,
      "transform_matrix": [
        [
          -0.8644568524240619,
          -0.10529611057683254,
          -0.4915557744354409,
          -1.9838826319628784
        ],
        [
          0.48317557995719246,
          0.09587964266281272,
          -0.8702576934768808,
          -3.758860996871892
        ],
        [
          0.13876494232439315,
          -0.9898079728949994,
          -0.03200730481264109,
          0.27890085639569745
        ],
        [
          0.0,
          0.0,
          0.0,
          1.0
        ]
      ]
    },
    {
      "file_path": "./images/167.jpg",
      "sharpness": 129.77956374973257,
      "transform_matrix": [
        [
          -0.7851366203285499,
          -0.36942180616173204,
          -0.49707948714226424,
          -1.9280093466040686
        ],
        [
          0.43870429857425874,
          0.23478171538508863,
          -0.8674192092253443,
          -3.7207195231999135
        ],
        [
          0.43714874564540895,
          -0.8991134940816494,
          -0.02226878818216962,
          0.23147757068440808
        ],
        [
          0.0,
          0.0,
          0.0,
          1.0
        ]
      ]
    },
    {
      "file_path": "./images/168.jpg",
      "sharpness": 133.60344231700756,
      "transform_matrix": [
        [
          -0.728999362285925,
          -0.5183482372220797,
          -0.44707385826262275,
          -1.666065577071042
        ],
        [
          0.35293372919643423,
          0.27499084205945623,
          -0.8943253432497303,
          -3.804988836332331
        ],
        [
          0.5865131819229378,
          -0.80975004892806,
          -0.017525572110626574,
          0.19394139095642476
        ],
        [
          0.0,
          0.0,
          0.0,
          1.0
        ]
      ]
    },
    {
      "file_path": "./images/169.jpg",
      "sharpness": 133.16444682931012,
      "transform_matrix": [
        [
          -0.5935370622374249,
          -0.6709856860035444,
          -0.4444006805972176,
          -1.628837290795258
        ],
        [
          0.38214547894070167,
          0.2509974040983102,
          -0.8893622074615662,
          -3.8019485732001166
        ],
        [
          0.7082927280886497,
          -0.6976951428101266,
          0.10743788448244877,
          0.6299577566258101
        ],
        [
          0.0,
          0.0,
          0.0,
          1.0
        ]
      ]
    },
    {
      "file_path": "./images/170.jpg",
      "sharpness": 140.53845807401004,
      "transform_matrix": [
        [
          -0.41466864289876215,
          -0.8098450841682726,
          -0.41497091010254217,
          -1.5190528728019388
        ],
        [
          0.24112730691478348,
          0.3419345750367816,
          -0.9082611784361687,
          -3.797772743915268
        ],
        [
          0.8774437522959531,
          -0.4766882482607593,
          0.053486217973004443,
          0.259064326508205
        ],
        [
          0.0,
          0.0,
          0.0,
          1.0
        ]
      ]
    },
    {
      "file_path": "./images/171.jpg",
      "sharpness": 149.63979010110148,
      "transform_matrix": [
        [
          -0.23934058370604855,
          -0.8707365720600081,
          -0.42957409960888576,
          -1.6589633532668326
        ],
        [
          0.190841736472107,
          0.3916138917656933,
          -0.9001210981841596,
          -3.7444687566467447
        ],
        [
          0.9519955444213445,
          -0.2974161761583278,
          0.07244378197910362,
          0.3359057636034886
        ],
        [
          0.0,
          0.0,
          0.0,
          1.0
        ]
      ]
    },
    {
      "file_path": "./images/173.jpg",
      "sharpness": 143.33831269107006,
      "transform_matrix": [
        [
          0.048854683884260605,
          -0.93494254545478,
          -0.3514194880018135,
          -1.3101151121883852
        ],
        [
          0.105850888739165,
          0.354704694890766,
          -0.9289672592591174,
          -3.798533323297542
        ],
        [
          0.9931811562862219,
          0.008186336664677598,
          0.11629348509759735,
          0.3286913469330194
        ],
        [
          0.0,
          0.0,
          0.0,
          1.0
        ]
      ]
    },
    {
      "file_path": "./images/174.jpg",
      "sharpness": 143.37625063282383,
      "transform_matrix": [
        [
          -0.07469935327075158,
          -0.950053874516741,
          -0.30301426059347475,
          -1.0228682477311424
        ],
        [
          0.04446227570128276,
          0.3003879126073724,
          -0.9527802516838116,
          -3.9129347135207495
        ],
        [
          0.9962143909051813,
          -0.084644772205852,
          0.019802774497713442,
          -0.11773712212473904
        ],
        [
          0.0,
          0.0,
          0.0,
          1.0
        ]
      ]
    },
    {
      "file_path": "./images/175.jpg",
      "sharpness": 143.60081987092278,
      "transform_matrix": [
        [
          0.3587460335830889,
          -0.8779824111158935,
          -0.31693559147857425,
          -1.2319256203266018
        ],
        [
          0.001484852137501353,
          0.3400731277407103,
          -0.9403978216704879,
          -3.8795361147252696
        ],
        [
          0.9334340247648601,
          0.3368933860240074,
          0.12330355976500883,
          0.20495325323278224
        ],
        [
          0.0,
          0.0,
          0.0,
          1.0
        ]
      ]
    },
    {
      "file_path": "./images/177.jpg",
      "sharpness": 145.71655540456067,
      "transform_matrix": [
        [
          0.8936393459241149,
          -0.3766974901975789,
          -0.2439420428739495,
          -1.1460500554354744
        ],
        [
          -0.2033066749848929,
          0.1447814568685729,
          -0.9683515506536968,
          -3.9367455784728493
        ],
        [
          0.4000938831189676,
          0.914952091976497,
          0.05279729221074781,
          0.2136284703204003
        ],
        [
          0.0,
          0.0,
          0.0,
          1.0
        ]
      ]
    },
    {
      "file_path": "./images/178.jpg",
      "sharpness": 141.75328290389726,
      "transform_matrix": [
        [
          0.9678559243971567,
          -0.17841177783792833,
          -0.17726857342570654,
          -0.9518495138370964
        ],
        [
          -0.16473292178101664,
          0.08290017567309296,
          -0.982848220914439,
          -4.056431201637797
        ],
        [
          0.19004729431649978,
          0.9804574434356153,
          0.05084513271538052,
          0.2742512460908199
        ],
        [
          0.0,
          0.0,
          0.0,
          1.0
        ]
      ]
    },
    {
      "file_path": "./images/179.jpg",
      "sharpness": 142.6059316457885,
      "transform_matrix": [
        [
          0.9926728711351004,
          -0.04472163090454886,
          -0.11225215645137582,
          -0.7658190599430443
        ],
        [
          -0.11062432592342315,
          0.03735525111779318,
          -0.9931600292640324,
          -4.0631123830637845
        ],
        [
          0.04860894375065194,
          0.9983008368870314,
          0.03213424410606064,
          0.2371100119888232
        ],
        [
          0.0,
          0.0,
          0.0,
          1.0
        ]
      ]
    },
    {
      "file_path": "./images/180.jpg",
      "sharpness": 141.24416111487247,
      "transform_matrix": [
        [
          0.9929926749277246,
          0.020041430167554622,
          -0.11646410864756294,
          -0.6921562914993646
        ],
        [
          -0.11676297958667192,
          0.014447614571803805,
          -0.993054718044804,
          -4.045153071068974
        ],
        [
          -0.018219608231066897,
          0.9996947571615029,
          0.016686472541522182,
          0.280791447089058
        ],
        [
          0.0,
          0.0,
          0.0,
          1.0
        ]
      ]
    },
    {
      "file_path": "./images/181.jpg",
      "sharpness": 76.27908655421318,
      "transform_matrix": [
        [
          0.8632407642043094,
          -0.15055602960548947,
          0.4818176677455293,
          1.9624385016591113
        ],
        [
          0.49569918288404036,
          0.07247370722626521,
          -0.8654651245710568,
          -3.493136492186592
        ],
        [
          0.09538188032880719,
          0.9859413997274499,
          0.13719275926442712,
          0.8472048033898217
        ],
        [
          0.0,
          0.0,
          0.0,
          1.0
        ]
      ]
    },
    {
      "file_path": "./images/182.jpg",
      "sharpness": 71.1443785160564,
      "transform_matrix": [
        [
          0.9076099832749223,
          0.0590815894711918,
          0.4156362400364088,
          1.794680918113703
        ],
        [
          0.41963753464135733,
          -0.09894227240946366,
          -0.9022830854285112,
          -3.733647753361648
        ],
        [
          -0.012184324755159967,
          0.9933377031514984,
          -0.1145938467551198,
          -0.29302661419364173
        ],
        [
          0.0,
          0.0,
          0.0,
          1.0
        ]
      ]
    },
    {
      "file_path": "./images/183.jpg",
      "sharpness": 77.07523321332476,
      "transform_matrix": [
        [
          0.9889782385182437,
          0.007663315753926437,
          0.14786249462036774,
          0.6656330606326002
        ],
        [
          0.14806059833490764,
          -0.04902315074711345,
          -0.9877625169601009,
          -4.1339167686170155
        ],
        [
          -0.00032085069373984386,
          0.9987682435223313,
          -0.04961746438825019,
          0.010210857263149714
        ],
        [
          0.0,
          0.0,
          0.0,
          1.0
        ]
      ]
    },
    {
      "file_path": "./images/184.jpg",
      "sharpness": 78.2095672231947,
      "transform_matrix": [
        [
          0.992084594198117,
          0.05997289317346455,
          -0.11032411352697316,
          -0.3398973438078365
        ],
        [
          -0.1075574049720467,
          -0.047562764885373456,
          -0.9930605157954657,
          -4.140246733073382
        ],
        [
          -0.06480403210145776,
          0.99706621418392,
          -0.04073575754184255,
          -0.04827215597216074
        ],
        [
          0.0,
          0.0,
          0.0,
          1.0
        ]
      ]
    },
    {
      "file_path": "./images/2.jpg",
      "sharpness": 134.46661782767333,
      "transform_matrix": [
        [
          0.8925304002539893,
          -0.1418297281269281,
          0.4281049086710473,
          1.6373390263975753
        ],
        [
          0.39899446834169244,
          -0.19415469098253046,
          -0.8961625802286249,
          -3.524185822960478
        ],
        [
          0.21022107136248394,
          0.9706638368537758,
          -0.11669968708477711,
          -0.29155494361126566
        ],
        [
          0.0,
          0.0,
          0.0,
          1.0
        ]
      ]
    },
    {
      "file_path": "./images/207.jpg",
      "sharpness": 98.75885815418437,
      "transform_matrix": [
        [
          -0.6821892432215764,
          0.2405968514942668,
          0.690457088797102,
          2.6158105448373137
        ],
        [
          0.6676549222144775,
          -0.17999971732712652,
          0.722382867048183,
          2.9232904292982447
        ],
        [
          0.29808512419518346,
          0.9537888953010967,
          -0.03784180122596286,
          -0.5537456493416368
        ],
        [
          0.0,
          0.0,
          0.0,
          1.0
        ]
      ]
    },
    {
      "file_path": "./images/208.jpg",
      "sharpness": 99.90407681436515,
      "transform_matrix": [
        [
          -0.4914873083848795,
          0.07303732407274575,
          0.8678166712936722,
          3.2700458885408468
        ],
        [
          0.8372284489535299,
          -0.23471968174146202,
          0.49391820706051326,
          1.9280876118711534
        ],
        [
          0.23976811705049397,
          0.9693153358336738,
          0.05421281905492547,
          -0.2614544894097067
        ],
        [
          0.0,
          0.0,
          0.0,
          1.0
        ]
      ]
    },
    {
      "file_path": "./images/209.jpg",
      "sharpness": 103.72081138584588,
      "transform_matrix": [
        [
          -0.28346477184548774,
          0.11108399050338708,
          0.9525272017967674,
          3.558625444142171
        ],
        [
          0.9377529899503164,
          -0.17573248649345544,
          0.29956205205247216,
          1.1164675593669986
        ],
        [
          0.20066652176977132,
          0.978150520232547,
          -0.054355375040456184,
          -0.7256845800564569
        ],
        [
          0.0,
          0.0,
          0.0,
          1.0
        ]
      ]
    },
    {
      "file_path": "./images/210.jpg",
      "sharpness": 105.63977536517253,
      "transform_matrix": [
        [
          -0.0014307138610466276,
          -0.1478891042424,
          0.989002915006108,
          3.6754446710231816
        ],
        [
          0.9925717154761383,
          -0.12052498761655607,
          -0.01658665115698889,
          -0.17045745422492004
        ],
        [
          0.12165254906583729,
          0.9816325892067953,
          0.14696297866849392,
          0.10737928225003518
        ],
        [
          0.0,
          0.0,
          0.0,
          1.0
        ]
      ]
    },
    {
      "file_path": "./images/212.jpg",
      "sharpness": 110.47334028868622,
      "transform_matrix": [
        [
          0.46035498813493486,
          -0.0051958643936123195,
          0.8877197124536764,
          3.132234942509478
        ],
        [
          0.8829692037978161,
          -0.10079761147005245,
          -0.4584814354653869,
          -1.9244756066524733
        ],
        [
          0.0918622340358792,
          0.9948933834846049,
          -0.0418148949856565,
          -0.5883345198023768
        ],
        [
          0.0,
          0.0,
          0.0,
          1.0
        ]
      ]
    },
    {
      "file_path": "./images/213.jpg",
      "sharpness": 112.19145437443531,
      "transform_matrix": [
        [
          0.43138529109468055,
          0.028473479081612015,
          0.9017183549215894,
          3.2365064761833495
        ],
        [
          0.8897171127944464,
          -0.17890804025889245,
          -0.4199944908344098,
          -1.783653860708522
        ],
        [
          0.14936595939532812,
          0.9834536969813584,
          -0.10251163862596611,
          -0.7955266041269337
        ],
        [
          0.0,
          0.0,
          0.0,
          1.0
        ]
      ]
    },
    {
      "file_path": "./images/214.jpg",
      "sharpness": 107.54618833694343,
      "transform_matrix": [
        [
          0.5410613391481706,
          0.0035871525414320504,
          0.8409754809756247,
          2.9269146946792866
        ],
        [
          0.8097423491357012,
          -0.2722490949830042,
          -0.5198055004489182,
          -2.063240021965594
        ],
        [
          0.22709019197652472,
          0.9622201217002052,
          -0.15020812923898902,
          -1.0469480820412387
        ],
        [
          0.0,
          0.0,
          0.0,
          1.0
        ]
      ]
    },
    {
      "file_path": "./images/216.jpg",
      "sharpness": 102.36636520990035,
      "transform_matrix": [
        [
          0.0481021869849478,
          0.5029682612654505,
          0.8629652992752519,
          3.245946941739628
        ],
        [
          0.9770502894570683,
          -0.20317958591596155,
          0.06395926624575901,
          -0.02999167617129607
        ],
        [
          0.20750641310203294,
          0.8400839148639172,
          -0.5011986676903807,
          -2.263488010388581
        ],
        [
          0.0,
          0.0,
          0.0,
          1.0
        ]
      ]
    },
    {
      "file_path": "./images/217.jpg",
      "sharpness": 102.82504094889684,
      "transform_matrix": [
        [
          0.15640207776520623,
          0.4099829205672817,
          0.8985835492040787,
          3.2745816520551156
        ],
        [
          0.9724981637023566,
          -0.22289341346195315,
          -0.06757105764039682,
          -0.6295210621138577
        ],
        [
          0.17258537500562401,
          0.8844391053458635,
          -0.4335686303866393,
          -1.9198703789669322
        ],
        [
          0.0,
          0.0,
          0.0,
          1.0
        ]
      ]
    },
    {
      "file_path": "./images/218.jpg",
      "sharpness": 104.04532916677928,
      "transform_matrix": [
        [
          0.17033720463725244,
          0.5221923213534995,
          0.8356437136855402,
          3.015511708243656
        ],
        [
          0.9714349230883337,
          -0.23118528998739654,
          -0.05354952752009435,
          -0.5306518313532576
        ],
        [
          0.16522538219143537,
          0.8208949635607806,
          -0.5466553135810609,
          -2.2786785616868626
        ],
        [
          0.0,
          0.0,
          0.0,
          1.0
        ]
      ]
    },
    {
      "file_path": "./images/219.jpg",
      "sharpness": 101.92905003860393,
      "transform_matrix": [
        [
          0.1909245963676587,
          0.5470564350259665,
          0.8150319351932644,
          2.8698094836329657
        ],
        [
          0.963281160882622,
          -0.2640985995516848,
          -0.048387341353765274,
          -0.43771276205819826
        ],
        [
          0.1887781862130653,
          0.7943432423066495,
          -0.5773920763207911,
          -2.37509370570903
        ],
        [
          0.0,
          0.0,
          0.0,
          1.0
        ]
      ]
    },
    {
      "file_path": "./images/220.jpg",
      "sharpness": 103.96706382611707,
      "transform_matrix": [
        [
          0.19600163041606616,
          0.6036375203339899,
          0.7727904663656419,
          2.554167872451456
        ],
        [
          0.9515729332472422,
          -0.3074206819763277,
          -0.0012153206438059892,
          -0.101878584913342
        ],
        [
          0.2368381590550922,
          0.7356046956927227,
          -0.6346600807332858,
          -2.5723810794019433
        ],
        [
          0.0,
          0.0,
          0.0,
          1.0
        ]
      ]
    },
    {
      "file_path": "./images/221.jpg",
      "sharpness": 105.31552035506131,
      "transform_matrix": [
        [
          0.2746360983858825,
          0.7572006328572115,
          0.5926400383456799,
          1.8017246784397065
        ],
        [
          0.9411825723330822,
          -0.33786890778442435,
          -0.004468410104428165,
          -0.03534281460398757
        ],
        [
          0.19685115950623563,
          0.5590096624748316,
          -0.8054550380046017,
          -3.1284122818628144
        ],
        [
          0.0,
          0.0,
          0.0,
          1.0
        ]
      ]
    },
    {
      "file_path": "./images/222.jpg",
      "sharpness": 111.34529096569628,
      "transform_matrix": [
        [
          0.37998577145902857,
          0.8158730604660762,
          0.4358462603725719,
          1.1511713290444157
        ],
        [
          0.9219733719086366,
          -0.3721035960914574,
          -0.10725677259288958,
          -0.40979504001680284
        ],
        [
          0.07467204951657287,
          0.4425946937873846,
          -0.8936073086308186,
          -3.3540444146427175
        ],
        [
          0.0,
          0.0,
          0.0,
          1.0
        ]
      ]
    },
    {
      "file_path": "./images/241.jpg",
      "sharpness": 130.86727695299734,
      "transform_matrix": [
        [
          0.2005269742873612,
          -0.7284097973352501,
          0.655139755865515,
          2.5862210090797775
        ],
        [
          0.9795098262425714,
          0.13630735447892992,
          -0.14825925066929713,
          -0.875222680538872
        ],
        [
          0.018693123797098362,
          0.6714458073792569,
          0.7408178553880119,
          3.197148433388597
        ],
        [
          0.0,
          0.0,
          0.0,
          1.0
        ]
      ]
    },
    {
      "file_path": "./images/242.jpg",
      "sharpness": 124.3960142255548,
      "transform_matrix": [
        [
          0.1642336812207874,
          -0.6036575097067378,
          0.7801441590588749,
          3.1415450143016317
        ],
        [
          0.982894219423485,
          0.03332336305232228,
          -0.1811311869850146,
          -1.011454241664032
        ],
        [
          0.08334417422013184,
          0.7965470258784035,
          0.5988042953870685,
          2.5505427066721635
        ],
        [
          0.0,
          0.0,
          0.0,
          1.0
        ]
      ]
    },
    {
      "file_path": "./images/243.jpg",
      "sharpness": 122.08862171830611,
      "transform_matrix": [
        [
          0.21365190306195492,
          -0.49795086986053233,
          0.8404747441235191,
          3.367993163160036
        ],
        [
          0.9699859325140625,
          0.005880918494295757,
          -0.2430899124239977,
          -1.1944047148379116
        ],
        [
          0.11610406987914575,
          0.8671853008377208,
          0.4842618082759156,
          2.044624440120166
        ],
        [
          0.0,
          0.0,
          0.0,
          1.0
        ]
      ]
    },
    {
      "file_path": "./images/244.jpg",
      "sharpness": 119.22499230368847,
      "transform_matrix": [
        [
          0.274050914604127,
          -0.3575203580247047,
          0.892790731240462,
          3.496340993516156
        ],
        [
          0.9513445661508021,
