{
  "camera_angle_x": 0.9221569428236807,
  "camera_angle_y": 0.9221569428236807,
  "fl_x": 1272.1604232354962,
  "fl_y": 1272.1604232354962,
  "k1": -0.002331673947490694,
  "k2": 0,
  "k3": 0,
  "k4": 0,
  "p1": 0,
  "p2": 0,
  "is_fisheye": false,
  "cx": 656.9219705976124,
  "cy": 637.47492961771,
  "w": 1264.0,
  "h": 1264.0,
  "aabb_scale": 8,
  "frames": [
    {
      "file_path": "./images/1.jpg",
      "sharpness": 113.77007939985945,
      "transform_matrix": [
        [
          0.95926186392279,
          -0.06940207781833453,
          0.27386132991489676,
          1.2088890775536325
        ],
        [
          0.2689481674362053,
          -0.072490073009805,
          -0.9604228613208775,
          -3.6893959266982046
        ],
        [
          0.08650756995999224,
          0.9949515269169776,
          -0.05087140090577866,
          -0.007768893355957039
        ],
        [
          0.0,
          0.0,
          0.0,
          1.0
        ]
      ]
    },
    {
      "file_path": "./images/0.jpg",
      "sharpness": 115.60258752248555,
      "transform_matrix": [
        [
          0.9922378073095687,
          -0.08299953824844973,
          0.09260243193850909,
          0.5476477506873336
        ],
        [
          0.08312057895549094,
          -0.11120780120478752,
          -0.9903149975161145,
          -3.9355236412491195
        ],
        [
          0.09249380035644977,
          0.9903251494365857,
          -0.10344561515090724,
          -0.22771301523752582
        ],
        [
          0.0,
          0.0,
          0.0,
          1.0
        ]
      ]
    },
    {
      "file_path": "./images/10.jpg",
      "sharpness": 118.64393490552872,
      "transform_matrix": [
        [
          0.019462179094470643,
          -0.0919001739623877,
          0.9955780138268726,
          3.6469585882468696
        ],
        [
          0.9933472986215898,
          -0.1112640871217547,
          -0.02968917712221328,
          0.07347716109394978
        ],
        [
          0.11350051940926818,
          0.9895325466842917,
          0.08912334795804563,
          0.4840916475296437
        ],
        [
          0.0,
          0.0,
          0.0,
          1.0
        ]
      ]
    },
    {
      "file_path": "./images/118.jpg",
      "sharpness": 118.9968266347841,
      "transform_matrix": [
        [
          0.947094553303192,
          -0.304246240801588,
          -0.10220632106876998,
          -0.41950872277503637
        ],
        [
          -0.20468110741261888,
          -0.3272577243900717,
          -0.9225009626528404,
          -3.8032072717507837
        ],
        [
          0.24721964197172616,
          0.8946153401263821,
          -0.3722174657896294,
          -1.6417921096604777
        ],
        [
          0.0,
          0.0,
          0.0,
          1.0
        ]
      ]
    },
    {
      "file_path": "./images/116.jpg",
      "sharpness": 121.68107785587007,
      "transform_matrix": [
        [
          0.9308165484254514,
          -0.36465196800814376,
          0.02468796083114303,
          0.22706882612511195
        ],
        [
          -0.2371583500349922,
          -0.6540086615339614,
          -0.7183512982150706,
          -2.8123877373949493
        ],
        [
          0.278094354834509,
          0.662798319905052,
          -0.6952423440392156,
          -3.0501070921848363
        ],
        [
          0.0,
          0.0,
          0.0,
          1.0
        ]
      ]
    },
    {
      "file_path": "./images/117.jpg",
      "sharpness": 120.1647542522827,
      "transform_matrix": [
        [
          0.958895245688113,
          -0.2621790401699578,
          -0.1085451919578931,
          -0.3564181189525271
        ],
        [
          -0.2145728455248839,
          -0.4196357293992373,
          -0.8819661833511336,
          -3.596432693444519
        ],
        [
          0.18568360661333055,
          0.8690040307795427,
          -0.4586432085280429,
          -2.0772657057043533
        ],
        [
          0.0,
          0.0,
          0.0,
          1.0
        ]
      ]
    },
    {
      "file_path": "./images/123.jpg",
      "sharpness": 112.70731824069561,
      "transform_matrix": [
        [
          0.8536624245553129,
          -0.23585892579397674,
          0.464360885551894,
          1.9454815101991574
        ],
        [
          0.4463241748795,
          -0.12823173704957774,
          -0.8856361287410438,
          -3.418313867416286
        ],
        [
          0.2684309889413983,
          0.9632897740251238,
          -0.004197075111719967,
          0.2293217616896752
        ],
        [
          0.0,
          0.0,
          0.0,
          1.0
        ]
      ]
    },
    {
      "file_path": "./images/124.jpg",
      "sharpness": 112.9708868229665,
      "transform_matrix": [
        [
          0.7360341415415358,
          -0.16935877331799934,
          0.6554169271466215,
          2.6666847475169546
        ],
        [
          0.6024423766426065,
          -0.2776911130803767,
          -0.7482986225708496,
          -2.760103070103641
        ],
        [
          0.3087343928252132,
          0.9456242655626538,
          -0.10236123812685667,
          -0.2049548796192006
        ],
        [
          0.0,
          0.0,
          0.0,
          1.0
        ]
      ]
    },
    {
      "file_path": "./images/125.jpg",
      "sharpness": 113.17341538920861,
      "transform_matrix": [
        [
          0.6552252485642087,
          -0.021418407680408414,
          0.7551298732412126,
          3.147131415300155
        ],
        [
          0.7226921352637041,
          -0.2733221459955808,
          -0.6348315383914065,
          -2.1955204297176825
        ],
        [
          0.21999079815730715,
          0.9616840730330104,
          -0.1636086562675545,
          -0.43079747367527227
        ],
        [
          0.0,
          0.0,
          0.0,
          1.0
        ]
      ]
    },
    {
      "file_path": "./images/126.jpg",
      "sharpness": 114.71352774191915,
      "transform_matrix": [
        [
          0.6460996492663619,
          -0.17221285935535247,
          0.7435710956562396,
          2.993549403593457
        ],
        [
          0.7419308431379782,
          -0.08695624080245225,
          -0.6648136853180118,
          -2.195442711564194
        ],
        [
          0.17914761293481155,
          0.9812142188447089,
          0.07158763525673305,
          0.49122842747989004
        ],
        [
          0.0,
          0.0,
          0.0,
          1.0
        ]
      ]
    },
    {
      "file_path": "./images/13.jpg",
      "sharpness": 133.65266812685502,
      "transform_matrix": [
        [
          -0.887242932406958,
          -0.030452284227194516,
          0.4602962494786713,
          1.5627745226401695
        ],
        [
          0.4595903836405484,
          0.02753561261482253,
          0.887704043757322,
          3.583836216043003
        ],
        [
          -0.039707155063828305,
          0.9991568687789691,
          -0.010435200691289823,
          0.16139624328611452
        ],
        [
          0.0,
          0.0,
          0.0,
          1.0
        ]
      ]
    },
    {
      "file_path": "./images/128.jpg",
      "sharpness": 113.3374625421172,
      "transform_matrix": [
        [
          0.3963522215077008,
          0.09654962759733758,
          0.9130077140537253,
          3.579476914838087
        ],
        [
          0.9150471559088944,
          -0.12255358200024134,
          -0.3842776626373115,
          -1.0907098302061153
        ],
        [
          0.07479050052952839,
          0.9877544173298275,
          -0.13692184661652837,
          -0.4528656417824193
        ],
        [
          0.0,
          0.0,
          0.0,
          1.0
        ]
      ]
    },
    {
      "file_path": "./images/129.jpg",
      "sharpness": 113.05160407319394,
      "transform_matrix": [
        [
          0.1809015641505759,
          0.20340842694034295,
          0.962236787876255,
          3.747001976036634
        ],
        [
          0.970418419607933,
          -0.1959672225956081,
          -0.1410139658113589,
          -0.20774878708167788
        ],
        [
          0.1598834418371212,
          0.9592819499618398,
          -0.23284206129617283,
          -0.6500505378919853
        ],
        [
          0.0,
          0.0,
          0.0,
          1.0
        ]
      ]
    },
    {
      "file_path": "./images/131.jpg",
      "sharpness": 110.83454959156383,
      "transform_matrix": [
        [
          -0.34898005060559634,
          -0.054238043336697454,
          0.9355592760157987,
          3.6863825812894184
        ],
        [
          0.9369452790533579,
          -0.04002295683925981,
          0.34717676619484455,
          1.4947561629645292
        ],
        [
          0.01861366003417898,
          0.9977256123733439,
          0.06478529215256063,
          0.43546969184012096
        ],
        [
          0.0,
          0.0,
          0.0,
          1.0
        ]
      ]
    },
    {
      "file_path": "./images/127.jpg",
      "sharpness": 118.73669614450203,
      "transform_matrix": [
        [
          0.5466866978989258,
          -0.3188616885927315,
          0.774248589209592,
          2.9430764266590113
        ],
        [
          0.8071150350401443,
          -0.04551353943993107,
          -0.5886372719594283,
          -1.900080323417726
        ],
        [
          0.22293266820690402,
          0.946707843677414,
          0.2324764163753736,
          1.0285253742320255
        ],
        [
          0.0,
          0.0,
          0.0,
          1.0
        ]
      ]
    },
    {
      "file_path": "./images/130.jpg",
      "sharpness": 112.94162487336664,
      "transform_matrix": [
        [
          -0.0657087213679015,
          0.09264947090093825,
          0.9935282781495728,
          3.808941145368169
        ],
        [
          0.9960912175865355,
          -0.05281283845934286,
          0.07080318030203289,
          0.5705700559827508
        ],
        [
          0.05903092565178953,
          0.9942971787350896,
          -0.08881706019149085,
          -0.11130646338199943
        ],
        [
          0.0,
          0.0,
          0.0,
          1.0
        ]
      ]
    },
    {
      "file_path": "./images/132.jpg",
      "sharpness": 116.93660719268244,
      "transform_matrix": [
        [
          -0.46327384412776407,
          -0.029433189929517673,
          0.8857262741290562,
          3.5998410171850246
        ],
        [
          0.8857302111406318,
          -0.048437973688131526,
          0.46166628182898656,
          1.9121651825304489
        ],
        [
          0.02931447460402319,
          0.9983924328842203,
          0.048509911803074235,
          0.3696742687022798
        ],
        [
          0.0,
          0.0,
          0.0,
          1.0
        ]
      ]
    },
    {
      "file_path": "./images/133.jpg",
      "sharpness": 112.47329046639054,
      "transform_matrix": [
        [
          -0.6490928144379431,
          0.029405311078704168,
          0.7601406750926291,
          3.045141138310662
        ],
        [
          0.7464058272902818,
          -0.1682442033393627,
          0.6438728360707995,
          2.772358853968035
        ],
        [
          0.14682254334659406,
          0.9853066607548425,
          0.08725780791598826,
          0.4471844955522212
        ],
        [
          0.0,
          0.0,
          0.0,
          1.0
        ]
      ]
    },
    {
      "file_path": "./images/134.jpg",
      "sharpness": 112.35405357752998,
      "transform_matrix": [
        [
          -0.8118739265029027,
          0.040236379766393424,
          0.5824446421875104,
          2.194700789171648
        ],
        [
          0.5711139317531133,
          -0.15236775117677862,
          0.8066058178310351,
          3.5514884031065947
        ],
        [
          0.12120067832310626,
          0.9875044820908118,
          0.10072384737241218,
          0.4835341254398242
        ],
        [
          0.0,
          0.0,
          0.0,
          1.0
        ]
      ]
    },
    {
      "file_path": "./images/137.jpg",
      "sharpness": 109.07442200917761,
      "transform_matrix": [
        [
          -0.9938463715137412,
          -0.07703786470045536,
          -0.0795899317517482,
          -0.8041032621103662
        ],
        [
          -0.04838055247365069,
          -0.34446491573053767,
          0.9375517286918835,
          3.7980525691449585
        ],
        [
          -0.09964292235850859,
          0.935632988536354,
          0.33861807215698303,
          1.3411203432710785
        ],
        [
          0.0,
          0.0,
          0.0,
          1.0
        ]
      ]
    },
    {
      "file_path": "./images/138.jpg",
      "sharpness": 112.77188678632436,
      "transform_matrix": [
        [
          -0.9613360544319031,
          0.020625059666763333,
          -0.27460443799750683,
          -1.6039990747212045
        ],
        [
          -0.26729559717374995,
          -0.30970876795034485,
          0.9124875576062661,
          3.6056857150974144
        ],
        [
          -0.06622729184509639,
          0.9506077455885176,
          0.3032471926447221,
          1.1906568459334657
        ],
        [
          0.0,
          0.0,
          0.0,
          1.0
        ]
      ]
    },
    {
      "file_path": "./images/139.jpg",
      "sharpness": 111.48764080942001,
      "transform_matrix": [
        [
          -0.8130007487781626,
          0.17276016511673825,
          -0.5560429010785646,
          -2.618036738270154
        ],
        [
          -0.5798658992043234,
          -0.15367018022220091,
          0.8000881293023152,
          3.157594272272086
        ],
        [
          0.052776144506191724,
          0.9729025650414052,
          0.22511170007762943,
          0.9462887912577734
        ],
        [
          0.0,
          0.0,
          0.0,
          1.0
        ]
      ]
    },
    {
      "file_path": "./images/140.jpg",
      "sharpness": 115.06372106452176,
      "transform_matrix": [
        [
          -0.5578075703370428,
          0.19848051439388284,
          -0.8058884537487226,
          -3.4971254859374508
        ],
        [
          -0.8299624908299882,
          -0.12917917500310275,
          0.5426555118681096,
          2.172017115888322
        ],
        [
          0.003602539534472112,
          0.9715545410095727,
          0.23678850385418873,
          0.9525520628315249
        ],
        [
          0.0,
          0.0,
          0.0,
          1.0
        ]
      ]
    },
    {
      "file_path": "./images/141.jpg",
      "sharpness": 113.62928562121235,
      "transform_matrix": [
        [
          -0.39875718431862567,
          0.20373752449730093,
          -0.8941385401999382,
          -3.8344111547419013
        ],
        [
          -0.9169735668634187,
          -0.07546578525019784,
          0.39174531641155813,
          1.5625687597951479
        ],
        [
          0.012336353940448776,
          0.9761126658194695,
          0.2169144485809761,
          0.8221332259518849
        ],
        [
          0.0,
          0.0,
          0.0,
          1.0
        ]
      ]
    },
    {
      "file_path": "./images/142.jpg",
      "sharpness": 108.55772893859401,
      "transform_matrix": [
        [
          -0.3843825111535848,
          0.12569685484840015,
          -0.914576615601649,
          -3.9633142815981643
        ],
        [
          -0.9224420676620237,
          -0.0917348352782632,
          0.37508046044005067,
          1.5322260155618077
        ],
        [
          -0.036752100989164524,
          0.9878183135995118,
          0.15120933302949086,
          0.6017063610509273
        ],
        [
          0.0,
          0.0,
          0.0,
          1.0
        ]
      ]
    },
    {
      "file_path": "./images/148.jpg",
      "sharpness": 112.06476052970285,
      "transform_matrix": [
        [
          0.9568685665853568,
          0.08025041000735625,
          -0.27921751015904916,
          -0.9365934482549139
        ],
        [
          -0.28235530639828504,
          0.030620144134422492,
          -0.9588210926559546,
          -3.852778769788055
        ],
        [
          -0.06839610540341699,
          0.9963043101742339,
          0.051958582532756994,
          0.29535609039854055
        ],
        [
          0.0,
          0.0,
          0.0,
          1.0
        ]
      ]
    },
    {
      "file_path": "./images/143.jpg",
      "sharpness": 112.13492735464168,
      "transform_matrix": [
        [
          -0.3023001758479823,
          0.0077997425978152,
          -0.953180868304945,
          -4.263705327596257
        ],
        [
          -0.9506545276787862,
          -0.07567952188736667,
          0.30087967523706993,
          1.0955633744015836
        ],
        [
          -0.06978948836573991,
          0.9971016868841435,
          0.030292793389984266,
          0.09377344859852288
        ],
        [
          0.0,
          0.0,
          0.0,
          1.0
        ]
      ]
    },
    {
      "file_path": "./images/146.jpg",
      "sharpness": 109.97951251531522,
      "transform_matrix": [
        [
          0.6491767050205802,
          0.06180608663284569,
          -0.7581224263393339,
          -3.0647752196119056
        ],
        [
          -0.7602933182385783,
          0.022739624223347896,
          -0.6491817771102286,
          -2.790153063878897
        ],
        [
          -0.022883966066290284,
          0.9978291021764372,
          0.0617527890201464,
          0.3051711311128458
        ],
        [
          0.0,
          0.0,
          0.0,
          1.0
        ]
      ]
    },
    {
      "file_path": "./images/144.jpg",
      "sharpness": 106.82720115999604,
      "transform_matrix": [
        [
          0.059510012273711534,
          0.11904592330529971,
          -0.991103741587355,
          -4.1709694013302245
        ],
        [
          -0.9980429359584915,
          0.02619811566635958,
          -0.056779897137347546,
          -0.38303270983467896
        ],
        [
          0.019205635179571794,
          0.9925430604688334,
          0.12037199299436387,
          0.5017015852380817
        ],
        [
          0.0,
          0.0,
          0.0,
          1.0
        ]
      ]
    },
    {
      "file_path": "./images/149.jpg",
      "sharpness": 115.90225176090836,
      "transform_matrix": [
        [
          0.9543510689163694,
          -0.02698425915402221,
          -0.29746577453712914,
          -1.0722753514061656
        ],
        [
          -0.2974643967812495,
          0.004158215586642776,
          -0.9547238563536284,
          -3.859289114860225
        ],
        [
          0.0269994427805469,
          0.9996272100167983,
          -0.004058458881942874,
          0.15750278060997494
        ],
        [
          0.0,
          0.0,
          0.0,
          1.0
        ]
      ]
    },
    {
      "file_path": "./images/150.jpg",
      "sharpness": 119.52509283352578,
      "transform_matrix": [
        [
          0.9694503990556441,
          -0.027302287719624056,
          -0.24376322294597588,
          -0.8287031865397062
        ],
        [
          -0.24497094036198946,
          -0.05730035051532936,
          -0.9678356824425435,
          -3.9081245881496285
        ],
        [
          0.012456410149814275,
          0.9979835945149611,
          -0.062238114769824215,
          -0.08939169880716374
        ],
        [
          0.0,
          0.0,
          0.0,
          1.0
        ]
      ]
    },
    {
      "file_path": "./images/151.jpg",
      "sharpness": 120.21826101749119,
      "transform_matrix": [
        [
          0.9905136486309725,
          0.02044531997430974,
          -0.13588488058569712,
          -0.3853231216895277
        ],
        [
          -0.12731538577153204,
          -0.235545877946409,
          -0.9634878992122021,
          -3.8876187354728766
        ],
        [
          -0.051705941887969925,
          0.9716481504527557,
          -0.23070840318493163,
          -0.82567495044751
        ],
        [
          0.0,
          0.0,
          0.0,
          1.0
        ]
      ]
    },
    {
      "file_path": "./images/152.jpg",
      "sharpness": 121.66091160913793,
      "transform_matrix": [
        [
          0.9693394836529627,
          0.09936582135346755,
          -0.2247385124606839,
          -0.7792360124190008
        ],
        [
          -0.20386151355801096,
          -0.18542904253177528,
          -0.9612786034629229,
          -3.8521766636919703
        ],
        [
          -0.13719128516820764,
          0.977620838432402,
          -0.15948682560496152,
          -0.5959413143975963
        ],
        [
          0.0,
          0.0,
          0.0,
          1.0
        ]
      ]
    },
    {
      "file_path": "./images/177.jpg",
      "sharpness": 144.20805945590885,
      "transform_matrix": [
        [
          0.8607972266165275,
          -0.43614973280302627,
          -0.2623004865226636,
          -1.1017731805495201
        ],
        [
          -0.20174209133183746,
          0.1807531902999768,
          -0.9626154023188482,
          -3.84241313059457
        ],
        [
          0.4672561002696509,
          0.8815337173228581,
          0.06760208568280471,
          0.35266879736942874
        ],
        [
          0.0,
          0.0,
          0.0,
          1.0
        ]
      ]
    },
    {
      "file_path": "./images/178.jpg",
      "sharpness": 141.38085490969584,
      "transform_matrix": [
        [
          0.9504090561204712,
          -0.24489327341262002,
          -0.19170266217851342,
          -0.9065438053300057
        ],
        [
          -0.16742408368753633,
          0.11657903720391165,
          -0.9789680813417969,
          -3.983443861384165
        ],
        [
          0.26209120979246253,
          0.9625157727158253,
          0.06979674081005374,
          0.4142641701509279
        ],
        [
          0.0,
          0.0,
          0.0,
          1.0
        ]
      ]
    },
    {
      "file_path": "./images/179.jpg",
      "sharpness": 143.86924264541267,
      "transform_matrix": [
        [
          0.9828812317988612,
          -0.12385335416737467,
          -0.13639952655316126,
          -0.7504996619225532
        ],
        [
          -0.1271140467981001,
          0.08004465024318919,
          -0.98865306001352,
          -3.981880532287421
        ],
        [
          0.13336604998679769,
          0.98906683324932,
          0.0629308833722015,
          0.40534751741945213
        ],
        [
          0.0,
          0.0,
          0.0,
          1.0
        ]
      ]
    },
    {
      "file_path": "./images/182.jpg",
      "sharpness": 73.08806851871762,
      "transform_matrix": [
        [
          0.9127897773289936,
          -0.005709629855538386,
          0.4083897923987356,
          1.8019385887581754
        ],
        [
          0.4071993790848777,
          -0.0648307208193011,
          -0.9110354786236272,
          -3.6571962895651104
        ],
        [
          0.03167787998465895,
          0.9978799415610408,
          -0.05685186148874826,
          0.01919613005338165
        ],
        [
          0.0,
          0.0,
          0.0,
          1.0
        ]
      ]
    },
    {
      "file_path": "./images/183.jpg",
      "sharpness": 79.20949088580743,
      "transform_matrix": [
        [
          0.9889508350133566,
          -0.05511529293386984,
          0.13761740593428182,
          0.6911875767011126
        ],
        [
          0.1368873476135644,
          -0.016827170494177358,
          -0.9904436886550009,
          -4.054730083189572
        ],
        [
          0.05690430558734558,
          0.9983381946128754,
          -0.00909665804846672,
          0.24966007704968293
        ],
        [
          0.0,
          0.0,
          0.0,
          1.0
        ]
      ]
    },
    {
      "file_path": "./images/181.jpg",
      "sharpness": 78.9961702870117,
      "transform_matrix": [
        [
          0.8631819782572443,
          -0.2208880901561252,
          0.454010268654766,
          1.8724987823087957
        ],
        [
          0.48416494625542805,
          0.10712452489560845,
          -0.8683942888938236,
          -3.3872149403281533
        ],
        [
          0.1431823216488739,
          0.9693981575173111,
          0.19941422961816324,
          1.153243646725879
        ],
        [
          0.0,
          0.0,
          0.0,
          1.0
        ]
      ]
    },
    {
      "file_path": "./images/184.jpg",
      "sharpness": 80.59510865672749,
      "transform_matrix": [
        [
          0.9926790530289775,
          -0.007439351477305327,
          -0.12055270105631108,
          -0.2884477775689999
        ],
        [
          -0.12063643252055294,
          -0.01207628390399105,
          -0.9926232994020571,
          -4.067155071958367
        ],
        [
          0.005928644965465474,
          0.9998994046510834,
          -0.012885330892411546,
          0.14036790197399684
        ],
        [
          0.0,
          0.0,
          0.0,
          1.0
        ]
      ]
    },
    {
      "file_path": "./images/180.jpg",
      "sharpness": 139.73665448638172,
      "transform_matrix": [
        [
          0.9822761319023122,
          -0.06315565022803973,
          -0.17647936010816592,
          -0.7846926653216597
        ],
        [
          -0.17179961615444866,
          0.07316310168125811,
          -0.9824113458432793,
          -3.931100417664265
        ],
        [
          0.0749566047063731,
          0.9953183030576468,
          0.0610162520502799,
          0.492433604290156
        ],
        [
          0.0,
          0.0,
          0.0,
          1.0
        ]
      ]
    },
    {
      "file_path": "./images/193.jpg",
      "sharpness": 77.54196756451138,
      "transform_matrix": [
        [
          0.6583043620968855,
          -0.22730176474685623,
          -0.7176135969949707,
          -3.353613427186813
        ],
        [
          -0.7046854107816766,
          0.14910999308329406,
          -0.6936747665831596,
          -2.6441693049454935
        ],
        [
          0.2646768570891136,
          0.9623409570991507,
          -0.06201647858306953,
          -0.42519631273488795
        ],
        [
          0.0,
          0.0,
          0.0,
          1.0
        ]
      ]
    },
    {
      "file_path": "./images/195.jpg",
      "sharpness": 77.02079581212085,
      "transform_matrix": [
        [
          0.17436877249219584,
          0.4008125988327076,
          -0.8994135821753072,
          -3.5356366308578253
        ],
        [
          -0.9846786457631024,
          0.06924204241892513,
          -0.16004219487322519,
          -0.7921817560685678
        ],
        [
          -0.0018696946408878902,
          0.9135397091443241,
          0.40674525696482067,
          1.5406151836924082
        ],
        [
          0.0,
          0.0,
          0.0,
          1.0
        ]
      ]
    },
    {
      "file_path": "./images/199.jpg",
      "sharpness": 80.2098340694198,
      "transform_matrix": [
        [
          -0.4617695241255545,
          -0.020249108937730412,
          -0.8867687862013244,
          -3.8609811878727647
        ],
        [
          -0.8868047713900119,
          0.03151079515670503,
          0.4610687228912224,
          1.9197581516352515
        ],
        [
          0.01860655877574525,
          0.9992982754817203,
          -0.03250773130670501,
          -0.30697900477375384
        ],
        [
          0.0,
          0.0,
          0.0,
          1.0
        ]
      ]
    },
    {
      "file_path": "./images/196.jpg",
      "sharpness": 75.62033299496618,
      "transform_matrix": [
        [
          0.03103101270180916,
          -0.005742350142724581,
          -0.9995019267967524,
          -4.074947063883777
        ],
        [
          -0.9954410056261348,
          -0.0904097614581033,
          -0.030385512191813523,
          -0.2644610097680709
        ],
        [
          -0.09019024652833758,
          0.9958880963505947,
          -0.008521677256905093,
          -0.2238876886351057
        ],
        [
          0.0,
          0.0,
          0.0,
          1.0
        ]
      ]
    },
    {
      "file_path": "./images/205.jpg",
      "sharpness": 91.72548733411172,
      "transform_matrix": [
        [
          -0.9619661855031634,
          0.05157200335468037,
          0.2682561954985591,
          0.8818835211158684
        ],
        [
          0.25875476498687555,
          -0.14274758585068958,
          0.9553371647384122,
          3.9822856894620977
        ],
        [
          0.08756157576165015,
          0.9884146170553207,
          0.12397384904263054,
          0.20302087718741926
        ],
        [
          0.0,
          0.0,
          0.0,
          1.0
        ]
      ]
    },
    {
      "file_path": "./images/197.jpg",
      "sharpness": 76.52127305830308,
      "transform_matrix": [
        [
          -0.16181793785687476,
          -0.03450634113079445,
          -0.9862171502333535,
          -4.031706172974853
        ],
        [
          -0.9823477287051211,
          -0.0894129632137796,
          0.16431147834908805,
          0.5682491693148402
        ],
        [
          -0.09385038569823219,
          0.9953967221344356,
          -0.019428604510833652,
          -0.35498422323951584
        ],
        [
          0.0,
          0.0,
          0.0,
          1.0
        ]
      ]
    },
    {
      "file_path": "./images/201.jpg",
      "sharpness": 87.22503686998546,
      "transform_matrix": [
        [
          -0.9101814982971143,
          -0.07302408995882854,
          -0.4077218689844688,
          -2.0670951039415906
        ],
        [
          -0.4108814187454711,
          0.034641078774750485,
          0.9110304360399117,
          3.8284203055224095
        ],
        [
          -0.052403243134929875,
          0.9967283872509739,
          -0.06153391066671115,
          -0.36228948140276684
        ],
        [
          0.0,
          0.0,
          0.0,
          1.0
        ]
      ]
    },
    {
      "file_path": "./images/206.jpg",
      "sharpness": 95.57264555886069,
      "transform_matrix": [
        [
          -0.9208978661111485,
          0.11573155447300756,
          0.3722275211427516,
          1.1819485185095295
        ],
        [
          0.3702035420717036,
          -0.03932681798923219,
          0.9281178474872939,
          3.4808415322475237
        ],
        [
          0.12205104519841031,
          0.9925016920343378,
          -0.0066282486281462605,
          -0.2855537514516799
        ],
        [
          0.0,
          0.0,
          0.0,
          1.0
        ]
      ]
    },
    {
      "file_path": "./images/2.jpg",
      "sharpness": 122.90962259989048,
      "transform_matrix": [
        [
          0.8824187872318593,
          -0.2086646204262249,
          0.42165881957753126,
          1.647325656606427
        ],
        [
          0.39477768421839604,
          -0.15909938318221528,
          -0.9048966605719353,
          -3.449796112989901
        ],
        [
          0.25590557631132765,
          0.9649593061151269,
          -0.0580161491268116,
          0.022496173321785315
        ],
        [
          0.0,
          0.0,
          0.0,
          1.0
        ]
      ]
    },
    {
      "file_path": "./images/203.jpg",
      "sharpness": 95.05714500007743,
      "transform_matrix": [
        [
          -0.9989444155881851,
          -0.026728364982312392,
          -0.03735838694904617,
          -0.5102285924924692
        ],
        [
          -0.03789313647440905,
          0.01978800867400231,
          0.9990858546295662,
          4.229243700958043
        ],
        [
          -0.025964683286210148,
          0.9994468616304785,
          -0.020779942342517784,
          -0.22192441299160034
        ],
        [
          0.0,
          0.0,
          0.0,
          1.0
        ]
      ]
    },
    {
      "file_path": "./images/204.jpg",
      "sharpness": 94.34477468560813,
      "transform_matrix": [
        [
          -0.9910811725154501,
          -0.001703505846910906,
          0.13324866812885125,
          0.2200132572912231
        ],
        [
          0.13325767323396284,
          -0.01798565706857493,
          0.9909182149219596,
          4.20034321347991
        ],
        [
          0.0007085298768797722,
          0.999836793788148,
          0.01805225132148382,
          -0.1193377023745949
        ],
        [
          0.0,
          0.0,
          0.0,
          1.0
        ]
      ]
    },
    {
      "file_path": "./images/200.jpg",
      "sharpness": 83.7539590590182,
      "transform_matrix": [
        [
          -0.7644254945475143,
          0.061851825149827844,
          -0.6417382761035116,
          -2.956784929707415
        ],
        [
          -0.6436889744770875,
          -0.017165760749179894,
          0.7650946613292885,
          3.1814098916139555
        ],
        [
          0.03630657550442188,
          0.9979377176900676,
          0.05293528305020492,
          0.05913038280797182
        ],
        [
          0.0,
          0.0,
          0.0,
          1.0
        ]
      ]
    },
    {
      "file_path": "./images/202.jpg",
      "sharpness": 92.42629310566458,
      "transform_matrix": [
        [
          -0.9505890073158401,
          -0.019062197070217186,
          -0.30986637735969996,
          -1.615688415815395
        ],
        [
          -0.30923593349665096,
          -0.030123946287563815,
          0.9505081195311061,
          3.9711256568376103
        ],
        [
          -0.027453171199249088,
          0.9993643882527733,
          0.02274077589242519,
          -0.021575733589449402
        ],
        [
          0.0,
          0.0,
          0.0,
          1.0
        ]
      ]
    },
    {
      "file_path": "./images/207.jpg",
      "sharpness": 94.12592621897248,
      "transform_matrix": [
        [
          -0.6840526029834043,
          0.16437721136014202,
          0.7106702250284409,
          2.6225416986175643
        ],
        [
          0.693526972630782,
          -0.15534587700655172,
          0.7034827622128983,
          2.825205246882324
        ],
        [
          0.22603622406197274,
          0.9740881843484998,
          -0.007735278235017896,
          -0.36204275574363787
        ],
        [
          0.0,
          0.0,
          0.0,
          1.0
        ]
      ]
    },
    {
      "file_path": "./images/208.jpg",
      "sharpness": 94.74872240211775,
      "transform_matrix": [
        [
          -0.4906687742572691,
          -0.001812346433506756,
          0.871344288656417,
          3.226291739717154
        ],
        [
          0.8530730267697797,
          -0.20472045305764086,
          0.47995410936647065,
          1.8790559816885877
        ],
        [
          0.17751215442457216,
          0.9788188042252756,
          0.10199599762477249,
          -0.013103070020695882
        ],
        [
          0.0,
          0.0,
          0.0,
          1.0
        ]
      ]
    },
    {
      "file_path": "./images/209.jpg",
      "sharpness": 98.29531121339659,
      "transform_matrix": [
        [
          -0.27824614723972535,
          0.04576358971613349,
          0.9594189780317176,
          3.523635343517225
        ],
        [
          0.9482920982213706,
          -0.14572233055790706,
          0.281970031790125,
          1.0722132899431354
        ],
        [
          0.15271273030735572,
          0.9882665107337658,
          -0.0028505734695227908,
          -0.45588351825757023
        ],
        [
          0.0,
          0.0,
          0.0,
          1.0
        ]
      ]
    },
    {
      "file_path": "./images/210.jpg",
      "sharpness": 99.74307831089148,
      "transform_matrix": [
        [
          0.00738953198997626,
          -0.21571661749516408,
          0.97642804945285,
          3.5824042019894438
        ],
        [
          0.9957107591302806,
          -0.08846885016115753,
          -0.027080374875624477,
          -0.15688080819895892
        ],
        [
          0.09222515366886623,
          0.9724400256532402,
          0.21413761356474398,
          0.4145841246814058
        ],
        [
          0.0,
          0.0,
          0.0,
          1.0
        ]
      ]
    },
    {
      "file_path": "./images/212.jpg",
      "sharpness": 103.37182517958536,
      "transform_matrix": [
        [
          0.4637215292917231,
          -0.069848982823502,
          0.8832233369169719,
          3.1039286852683636
        ],
        [
          0.881210477661995,
          -0.06694901293502072,
          -0.46795931845170713,
          -1.8722279726551552
        ],
        [
          0.0918174130043975,
          0.9953084694055641,
          0.03050595685530358,
          -0.2518328044374126
        ],
        [
          0.0,
          0.0,
          0.0,
          1.0
        ]
      ]
    },
    {
      "file_path": "./images/214.jpg",
      "sharpness": 101.26791037126169,
      "transform_matrix": [
        [
          0.5338066713770926,
          -0.06059343742577343,
          0.8434327910030063,
          2.9407728921022276
        ],
        [
          0.8130103558409716,
          -0.23748856117896722,
          -0.5316139055785903,
          -2.0204015989129473
        ],
        [
          0.23251795390881191,
          0.969498642935981,
          -0.07750988620992375,
          -0.6936903681456951
        ],
        [
          0.0,
          0.0,
          0.0,
          1.0
        ]
      ]
    },
    {
      "file_path": "./images/216.jpg",
      "sharpness": 98.04585172805436,
      "transform_matrix": [
        [
          0.04945559407277798,
          0.4492103739536295,
          0.8920561552683954,
          3.2886273054657247
        ],
        [
          0.9840904008398205,
          -0.17451561750849715,
          0.033322398181867455,
          -0.09255505038806093
        ],
        [
          0.1706464977372283,
          0.8762159204116906,
          -0.4506943905042934,
          -1.9344397633239543
        ],
        [
          0.0,
          0.0,
          0.0,
          1.0
        ]
      ]
    },
    {
      "file_path": "./images/217.jpg",
      "sharpness": 98.68120875292699,
      "transform_matrix": [
        [
          0.15927589980545145,
          0.35567986644253186,
          0.9209359480188997,
          3.291518363590554
        ],
        [
          0.9763333050003986,
          -0.194992582930985,
          -0.0935476891694464,
          -0.6567076766342781
        ],
        [
          0.14630264962840442,
          0.9140403301901516,
          -0.378319718627659,
          -1.5859385522235268
        ],
        [
          0.0,
          0.0,
          0.0,
          1.0
        ]
      ]
    },
    {
      "file_path": "./images/213.jpg",
      "sharpness": 105.13608357277356,
      "transform_matrix": [
        [
          0.4309587298054393,
          -0.03704956862627665,
          0.9016107267962001,
