{
  "camera_angle_x": 0.4796882784955789,
  "camera_angle_y": 0.37472436398979186,
  "fl_x": 614.627,
  "fl_y": 614.101,
  "k1": 0.0,
  "k2": 0.0,
  "k3": 0.0,
  "k4": 0.0,
  "p1": 0.0,
  "p2": 0.0,
  "is_fisheye": false,
  "cx": 320.262,
  "cy": 238.469,
  "w": 640.0,
  "h": 480.0,
  "aabb_scale": 0.5,
  "frames": [
    {
      "file_path": "./images\\0000.jpg",
      "sharpness": 150.0,
      "transform_matrix": [
        [
          -0.4572407305240631,
          0.24851036071777344,
          0.853916585445404,
          0.46597668528556824
        ],
        [
          0.8888357281684875,
          0.09527063369750977,
          0.448212593793869,
          0.18003462255001068
        ],
        [
          0.03003230132162571,
          0.9639326333999634,
          -0.264446496963501,
          -0.08870454132556915
        ],
        [
          0.0,
          0.0,
          0.0,
          1.0
        ]
      ]
    },
    {
      "file_path": "./images\\0001.jpg",
      "sharpness": 150.0,
      "transform_matrix": [
        [
          -0.4451848864555359,
          0.25057360529899597,
          0.8596646189689636,
          0.4678114652633667
        ],
        [
          0.8949550986289978,
          0.09296295046806335,
          0.43636366724967957,
          0.173654705286026
        ],
        [
          0.029424257576465607,
          0.9636237621307373,
          -0.2656378149986267,
          -0.09250910580158234
        ],
        [
          0.0,
          0.0,
          0.0,
          1.0
        ]
      ]
    },
    {
      "file_path": "./images\\0002.jpg",
      "sharpness": 150.0,
      "transform_matrix": [
        [
          -0.44648727774620056,
          0.24975338578224182,
          0.8592277765274048,
          0.46773064136505127
        ],
        [
          0.8943360447883606,
          0.09397745877504349,
          0.437414288520813,
          0.174270898103714
        ],
        [
          0.02849765680730343,
          0.9637382626533508,
          -0.2653231918811798,
          -0.09229645133018494
        ],
        [
          0.0,
          0.0,
          0.0,
          1.0
        ]
      ]
    },
    {
      "file_path": "./images\\0003.jpg",
      "sharpness": 150.0,
      "transform_matrix": [
        [
          -0.4443036615848541,
          0.2485627382993698,
          0.8607036471366882,
          0.4678732752799988
        ],
        [
          0.8954340219497681,
          0.09302977472543716,
          0.4353657364845276,
          0.173002228140831
        ],
        [
          0.028144627809524536,
          0.9641379714012146,
          -0.26390498876571655,
          -0.09202773869037628
        ],
        [
          0.0,
          0.0,
          0.0,
          1.0
        ]
      ]
    },
    {
      "file_path": "./images\\0004.jpg",
      "sharpness": 150.0,
      "transform_matrix": [
        [
          -0.4496624767780304,
          0.24961943924427032,
          0.8576093316078186,
          0.4669593572616577
        ],
        [
          0.8927183747291565,
          0.09411906450986862,
          0.44067615270614624,
          0.17592519521713257
        ],
        [
          0.029283950105309486,
          0.963759183883667,
          -0.2651616632938385,
          -0.09280803054571152
        ],
        [
          0.0,
          0.0,
          0.0,
          1.0
        ]
      ]
    },
    {
      "file_path": "./images\\0005.jpg",
      "sharpness": 150.0,
      "transform_matrix": [
        [
          -0.44989725947380066,
          0.24912689626216888,
          0.8576294183731079,
          0.4669874906539917
        ],
        [
          0.8925756216049194,
          0.09314851462841034,
          0.4411713182926178,
          0.1760091781616211
        ],
        [
          0.030020734295248985,
          0.9639808535575867,
          -0.2642718553543091,
          -0.09207776933908463
        ],
        [
          0.0,
          0.0,
          0.0,
          1.0
        ]
      ]
    },
    {
      "file_path": "./images\\0006.jpg",
      "sharpness": 150.0,
      "transform_matrix": [
        [
          -0.44425585865974426,
          0.25160926580429077,
          0.8598427176475525,
          0.46764814853668213
        ],
        [
          0.8953809142112732,
          0.09202953428030014,
          0.43568751215934753,
          0.17316101491451263
        ],
        [
          0.030492089688777924,
          0.9634434580802917,
          -0.26617076992988586,
          -0.09359527379274368
        ],
        [
          0.0,
          0.0,
          0.0,
          1.0
        ]
      ]
    },
    {
      "file_path": "./images\\0007.jpg",
      "sharpness": 150.0,
      "transform_matrix": [
        [
          -0.44639623165130615,
          0.2488096058368683,
          0.859548807144165,
          0.46743887662887573
        ],
        [
          0.8943760395050049,
          0.09328235685825348,
          0.4374813139438629,
          0.17419719696044922
        ],
        [
          0.028668809682130814,
          0.9640498757362366,
          -0.26417025923728943,
          -0.09258301556110382
        ],
        [
          0.0,
          0.0,
          0.0,
          1.0
        ]
      ]
    },
    {
      "file_path": "./images\\0008.jpg",
      "sharpness": 150.0,
      "transform_matrix": [
        [
          -0.4464397132396698,
          0.24913187325000763,
          0.8594328761100769,
          0.4675937294960022
        ],
        [
          0.8943291902542114,
          0.09262657165527344,
          0.4377163350582123,
          0.17430806159973145
        ],
        [
          0.02944277413189411,
          0.9640299081802368,
          -0.26415809988975525,
          -0.09211465716362
        ],
        [
          0.0,
          0.0,
          0.0,
          1.0
        ]
      ]
    },
    {
      "file_path": "./images\\0009.jpg",
      "sharpness": 150.0,
      "transform_matrix": [
        [
          -0.4519944489002228,
          0.2476251721382141,
          0.8569613695144653,
          0.4667198956012726
        ],
        [
          0.8915410041809082,
          0.09390214830636978,
          0.44309934973716736,
          0.17724385857582092
        ],
        [
          0.02925204113125801,
          0.9642946720123291,
          -0.2632112503051758,
          -0.09127821028232574
        ],
        [
          0.0,
          0.0,
          0.0,
          1.0
        ]
      ]
    },
    {
      "file_path": "./images\\0010.jpg",
      "sharpness": 150.0,
      "transform_matrix": [
        [
          -0.45146408677101135,
          0.24891850352287292,
          0.8568662405014038,
          0.46644312143325806
        ],
        [
          0.8917955756187439,
          0.09393222630023956,
          0.4425804018974304,
          0.17690402269363403
        ],
        [
          0.029679102823138237,
          0.9639586806297302,
          -0.2643914520740509,
          -0.09282108396291733
        ],
        [
          0.0,
          0.0,
          0.0,
          1.0
        ]
      ]
    },
    {
      "file_path": "./images\\0011.jpg",
      "sharpness": 150.0,
      "transform_matrix": [
        [
          -0.44747111201286316,
          0.2503642439842224,
          0.8585379123687744,
          0.46718040108680725
        ],
        [
          0.8938282132148743,
          0.09407925605773926,
          0.4384293258190155,
          0.1748146116733551
        ],
        [
          0.028996413573622704,
          0.9635698199272156,
          -0.2658803462982178,
          -0.09354466199874878
        ],
        [
          0.0,
          0.0,
          0.0,
          1.0
        ]
      ]
    },
    {
      "file_path": "./images\\0012.jpg",
      "sharpness": 150.0,
      "transform_matrix": [
        [
          -0.452497273683548,
          0.24667875468730927,
          0.8569689393043518,
          0.4667714834213257
        ],
        [
          0.8912448287010193,
          0.09225346893072128,
          0.444040447473526,
          0.17769506573677063
        ],
        [
          0.03047698363661766,
          0.9646962881088257,
          -0.26159560680389404,
          -0.09070486575365067
        ],
        [
          0.0,
          0.0,
          0.0,
          1.0
        ]
      ]
    },
    {
      "file_path": "./images\\0013.jpg",
      "sharpness": 150.0,
      "transform_matrix": [
        [
          -0.45246201753616333,
          0.24827921390533447,
          0.8565253019332886,
          0.4664230942726135
        ],
        [
          0.8913013935089111,
          0.0943169817328453,
          0.443493127822876,
          0.17753539979457855
        ],
        [
          0.029325252398848534,
          0.9640859365463257,
          -0.26396647095680237,
          -0.09168451279401779
        ],
        [
          0.0,
          0.0,
          0.0,
          1.0
        ]
      ]
    },
    {
      "file_path": "./images\\0014.jpg",
      "sharpness": 150.0,
      "transform_matrix": [
        [
          -0.45045799016952515,
          0.24614763259887695,
          0.8581951856613159,
          0.4670991897583008
        ],
        [
          0.892322838306427,
          0.09278121590614319,
          0.44175970554351807,
          0.17635056376457214
        ],
        [
          0.02911372110247612,
          0.9647813439369202,
          -0.26143717765808105,
          -0.09007211029529572
        ],
        [
          0.0,
          0.0,
          0.0,
          1.0
        ]
      ]
    },
    {
      "file_path": "./images\\0015.jpg",
      "sharpness": 150.0,
      "transform_matrix": [
        [
          -0.44383886456489563,
          0.2496676743030548,
          0.8606236577033997,
          0.4680995047092438
        ],
        [
          0.8956241607666016,
          0.09208188205957413,
          0.43517619371414185,
          0.1728152185678482
        ],
        [
          0.02940158173441887,
          0.9639434814453125,
          -0.2644779086112976,
          -0.0917196199297905
        ],
        [
          0.0,
          0.0,
          0.0,
          1.0
        ]
      ]
    },
    {
      "file_path": "./images\\0016.jpg",
      "sharpness": 150.0,
      "transform_matrix": [
        [
          -0.44157278537750244,
          0.2508423924446106,
          0.8614473938941956,
          0.46846261620521545
        ],
        [
          0.8967194557189941,
          0.09114329516887665,
          0.4331132769584656,
          0.17179898917675018
        ],
        [
          0.03012801893055439,
          0.9637276530265808,
          -0.26518166065216064,
          -0.09293967485427856
        ],
        [
          0.0,
          0.0,
          0.0,
          1.0
        ]
      ]
    },
    {
      "file_path": "./images\\0017.jpg",
      "sharpness": 150.0,
      "transform_matrix": [
        [
          -0.450358122587204,
          0.24755029380321503,
          0.8578440546989441,
          0.467130571603775
        ],
        [
          0.892403244972229,
          0.0944819375872612,
          0.4412364363670349,
          0.17632664740085602
        ],
        [
          0.02817743830382824,
          0.9642572402954102,
          -0.26346540451049805,
          -0.09220428764820099
        ],
        [
          0.0,
          0.0,
          0.0,
          1.0
        ]
      ]
    },
    {
      "file_path": "./images\\0018.jpg",
      "sharpness": 150.0,
      "transform_matrix": [
        [
          -0.45320868492126465,
          0.249297097325325,
          0.8558346033096313,
          0.4662114381790161
        ],
        [
          0.8908876180648804,
          0.093985915184021,
          0.4443938136100769,
          0.17786633968353271
        ],
        [
          0.030349694192409515,
          0.9638555645942688,
          -0.26469093561172485,
          -0.09233324229717255
        ],
        [
          0.0,
          0.0,
          0.0,
          1.0
        ]
      ]
    },
    {
      "file_path": "./images\\0019.jpg",
      "sharpness": 150.0,
      "transform_matrix": [
        [
          -0.4474219083786011,
          0.25001344084739685,
          0.8586657643318176,
          0.46733108162879944
        ],
        [
          0.8938191533088684,
          0.09278342127799988,
          0.4387238323688507,
          0.1748938113451004
        ],
        [
          0.030016906559467316,
          0.9637865424156189,
          -0.26498013734817505,
          -0.09250997006893158
        ],
        [
          0.0,
          0.0,
          0.0,
          1.0
        ]
      ]
    },
    {
      "file_path": "./images\\0020.jpg",
      "sharpness": 150.0,
      "transform_matrix": [
        [
          -0.44429656863212585,
          0.25064900517463684,
          0.860102117061615,
          0.4680335819721222
        ],
        [
          0.895400881767273,
          0.09285175800323486,
          0.43547195196151733,
          0.17313550412654877
        ],
        [
          0.02928861789405346,
          0.9636148810386658,
          -0.2656850516796112,
          -0.09279568493366241
        ],
        [
          0.0,
          0.0,
          0.0,
          1.0
        ]
      ]
    },
    {
      "file_path": "./images\\0021.jpg",
      "sharpness": 150.0,
      "transform_matrix": [
        [
          -0.4452800154685974,
          0.24814707040786743,
          0.8603189587593079,
          0.46789708733558655
        ],
        [
          0.894899308681488,
          0.09148623049259186,
          0.43679001927375793,
          0.17377033829689026
        ],
        [
          0.02968081645667553,
          0.9643927216529846,
          -0.2628036439418793,
          -0.09164924919605255
        ],
        [
          0.0,
          0.0,
          0.0,
          1.0
        ]
      ]
    },
    {
      "file_path": "./images\\0022.jpg",
      "sharpness": 150.0,
      "transform_matrix": [
        [
          -0.4503774642944336,
          0.24922063946723938,
          0.8573501110076904,
          0.4668138027191162
        ],
        [
          0.8923661112785339,
          0.09442370384931564,
          0.4413240849971771,
          0.17637106776237488
        ],
        [
          0.02903289534151554,
          0.9638325572013855,
          -0.2649223506450653,
          -0.09203922748565674
        ],
        [
          0.0,
          0.0,
          0.0,
          1.0
        ]
      ]
    },
    {
      "file_path": "./images\\0023.jpg",
      "sharpness": 150.0,
      "transform_matrix": [
        [
          -0.4503633677959442,
          0.24927131831645966,
          0.8573427796363831,
          0.46670132875442505
        ],
        [
          0.8923556208610535,
          0.09386662393808365,
          0.44146406650543213,
          0.17635054886341095
        ],
        [
          0.02956845983862877,
          0.9638738632202148,
          -0.26471275091171265,
          -0.09167681634426117
        ],
        [
          0.0,
          0.0,
          0.0,
          1.0
        ]
      ]
    },
    {
      "file_path": "./images\\0024.jpg",
      "sharpness": 150.0,
      "transform_matrix": [
        [
          -0.45499488711357117,
          0.24639862775802612,
          0.8557262420654297,
          0.46631067991256714
        ],
        [
          0.8900455832481384,
          0.09533972293138504,
          0.44579049944877625,
          0.17875882983207703
        ],
        [
          0.028257466852664948,
          0.9644677639007568,
          -0.262685090303421,
          -0.09126956760883331
        ],
        [
          0.0,
          0.0,
          0.0,
          1.0
        ]
      ]
    },
    {
      "file_path": "./images\\0025.jpg",
      "sharpness": 150.0,
      "transform_matrix": [
        [
          -0.4515477120876312,
          0.24725960195064545,
          0.8573023676872253,
          0.466921865940094
        ],
        [
          0.8917726278305054,
          0.09374046325683594,
          0.44266724586486816,
          0.1770162284374237
        ],
        [
          0.029089804738759995,
          0.9644041657447815,
          -0.26282763481140137,
          -0.09028865396976471
        ],
        [
          0.0,
          0.0,
          0.0,
          1.0
        ]
      ]
    },
    {
      "file_path": "./images\\0026.jpg",
      "sharpness": 150.0,
      "transform_matrix": [
        [
          -0.45635128021240234,
          0.24560044705867767,
          0.8552332520484924,
          0.4661582410335541
        ],
        [
          0.8892970681190491,
          0.093587726354599,
          0.447651743888855,
          0.1796255111694336
        ],
        [
          0.029904130846261978,
          0.9648428559303284,
          -0.26112064719200134,
          -0.09045682102441788
        ],
        [
          0.0,
          0.0,
          0.0,
          1.0
        ]
      ]
    },
    {
      "file_path": "./images\\0027.jpg",
      "sharpness": 150.0,
      "transform_matrix": [
        [
          -0.4524521231651306,
          0.24747420847415924,
          0.8567634224891663,
          0.4666648805141449
        ],
        [
          0.8912709951400757,
          0.09275325387716293,
          0.4438838064670563,
          0.17765125632286072
        ],
        [
          0.030382201075553894,
          0.9644445776939392,
          -0.2625330090522766,
          -0.09122111648321152
        ],
        [
          0.0,
          0.0,
          0.0,
          1.0
        ]
      ]
    },
    {
      "file_path": "./images\\0028.jpg",
      "sharpness": 150.0,
      "transform_matrix": [
        [
          -0.44501158595085144,
          0.24857717752456665,
          0.8603336811065674,
          0.46788492798805237
        ],
        [
          0.8950701355934143,
          0.09285291284322739,
          0.43615108728408813,
          0.1733776330947876
        ],
        [
          0.028532711789011955,
          0.9641513228416443,
          -0.26381462812423706,
          -0.09132358431816101
        ],
        [
          0.0,
          0.0,
          0.0,
          1.0
        ]
      ]
    },
    {
      "file_path": "./images\\0029.jpg",
      "sharpness": 150.0,
      "transform_matrix": [
        [
          -0.445033997297287,
          0.24912385642528534,
          0.8601639866828918,
          0.4681760370731354
        ],
        [
          0.8950148224830627,
          0.09167885780334473,
          0.43651285767555237,
          0.173666849732399
        ],
        [
          0.029886921867728233,
          0.9641225337982178,
          -0.2637697458267212,
          -0.0916108712553978
        ],
        [
          0.0,
          0.0,
          0.0,
          1.0
        ]
      ]
    },
    {
      "file_path": "./images\\0030.jpg",
      "sharpness": 150.0,
      "transform_matrix": [
        [
          -0.44881293177604675,
          0.24813589453697205,
          0.8584844470024109,
          0.46710848808288574
        ],
        [
          0.8931576013565063,
          0.0934659019112587,
          0.43992459774017334,
          0.1754636913537979
        ],
        [
          0.028922056779265404,
          0.9642057418823242,
          -0.26357316970825195,
          -0.09132418036460876
        ],
        [
          0.0,
          0.0,
          0.0,
          1.0
        ]
      ]
    },
    {
      "file_path": "./images\\0031.jpg",
      "sharpness": 150.0,
      "transform_matrix": [
        [
          -0.45129382610321045,
          0.24736826121807098,
          0.8574047088623047,
          0.4666938781738281
        ],
        [
          0.8919275999069214,
          0.09460120648145676,
          0.44217169284820557,
          0.1768326461315155
        ],
        [
          0.028267722576856613,
          0.9642922282218933,
          -0.2633275091648102,
          -0.0912826657295227
        ],
        [
          0.0,
          0.0,
          0.0,
          1.0
        ]
      ]
    },
    {
      "file_path": "./images\\0032.jpg",
      "sharpness": 150.0,
      "transform_matrix": [
        [
          -0.4520646631717682,
          0.2471357136964798,
          0.8570656180381775,
          0.4664304852485657
        ],
        [
          0.8915139436721802,
          0.09395613521337509,
          0.4431423246860504,
          0.17753112316131592
        ],
        [
          0.028989717364311218,
          0.9644149541854858,
          -0.2627992033958435,
          -0.09141967445611954
        ],
        [
          0.0,
          0.0,
          0.0,
          1.0
        ]
      ]
    },
    {
      "file_path": "./images\\0033.jpg",
      "sharpness": 150.0,
      "transform_matrix": [
        [
          -0.4512929618358612,
          0.24888145923614502,
          0.8569671511650085,
          0.4666902720928192
        ],
        [
          0.8918203711509705,
          0.0919065847992897,
          0.4429555833339691,
          0.1771143078804016
        ],
        [
          0.0314825102686882,
          0.9641634821891785,
          -0.26343435049057007,
          -0.09217490255832672
        ],
        [
          0.0,
          0.0,
          0.0,
          1.0
        ]
      ]
    },
    {
      "file_path": "./images\\0034.jpg",
      "sharpness": 150.0,
      "transform_matrix": [
        [
          -0.44559863209724426,
          0.24947580695152283,
          0.8597695231437683,
          0.4677116870880127
        ],
        [
          0.8947278261184692,
          0.09185109287500381,
          0.43706464767456055,
          0.17387287318706512
        ],
        [
          0.03006628155708313,
          0.9640151262283325,
          -0.26414167881011963,
          -0.09184634685516357
        ],
        [
          0.0,
          0.0,
          0.0,
          1.0
        ]
      ]
    },
    {
      "file_path": "./images\\0035.jpg",
      "sharpness": 150.0,
      "transform_matrix": [
        [
          -0.44487613439559937,
          0.24951255321502686,
          0.8601329922676086,
          0.4680905044078827
        ],
        [
          0.8951073288917542,
          0.09228058904409409,
          0.4361961781978607,
          0.17355889081954956
        ],
        [
          0.029462847858667374,
          0.9639646410942078,
          -0.26439395546913147,
          -0.09204883873462677
        ],
        [
          0.0,
          0.0,
          0.0,
          1.0
        ]
      ]
    },
    {
      "file_path": "./images\\0036.jpg",
      "sharpness": 150.0,
      "transform_matrix": [
        [
          -0.45099422335624695,
          0.24881118535995483,
          0.857144832611084,
          0.4668191075325012
        ],
        [
          0.8920202255249023,
          0.09329815953969955,
          0.4422616958618164,
          0.17681089043617249
        ],
        [
          0.030069625005126,
          0.9640479683876038,
          -0.26402154564857483,
          -0.0927821546792984
        ],
        [
          0.0,
          0.0,
          0.0,
          1.0
        ]
      ]
    },
    {
      "file_path": "./images\\0037.jpg",
      "sharpness": 150.0,
      "transform_matrix": [
        [
          -0.45265093445777893,
          0.24801930785179138,
          0.8565007448196411,
          0.46639877557754517
        ],
        [
          0.8911854028701782,
          0.09359323233366013,
          0.4438793361186981,
          0.1776622235774994
        ],
        [
          0.029927970841526985,
          0.9642233848571777,
          -0.2633962631225586,
          -0.09233849495649338
        ],
        [
          0.0,
          0.0,
          0.0,
          1.0
        ]
      ]
    },
    {
      "file_path": "./images\\0038.jpg",
      "sharpness": 150.0,
      "transform_matrix": [
        [
          -0.451791375875473,
          0.24815423786640167,
          0.8569154143333435,
          0.46673813462257385
        ],
        [
          0.8916047811508179,
          0.09284316003322601,
          0.443194180727005,
          0.17724382877349854
        ],
        [
          0.030421776697039604,
          0.9642611742019653,
          -0.2632012367248535,
          -0.09222548454999924
        ],
        [
          0.0,
          0.0,
          0.0,
          1.0
        ]
      ]
    },
    {
      "file_path": "./images\\0039.jpg",
      "sharpness": 150.0,
      "transform_matrix": [
        [
          -0.4531593918800354,
          0.24676302075386047,
          0.8565947413444519,
          0.4665328860282898
        ],
        [
          0.890944242477417,
          0.093671515583992,
          0.44434672594070435,
          0.17791211605072021
        ],
        [
          0.02940981276333332,
          0.964538037776947,
          -0.2623002231121063,
          -0.09112071990966797
        ],
        [
          0.0,
          0.0,
          0.0,
          1.0
        ]
      ]
    },
    {
      "file_path": "./images\\0040.jpg",
      "sharpness": 150.0,
      "transform_matrix": [
        [
          -0.45170068740844727,
          0.24681973457336426,
          0.8573485612869263,
          0.4666881263256073
        ],
        [
          0.8917139768600464,
          0.0941937118768692,
          0.4426892101764679,
          0.1771519035100937
        ],
        [
          0.02850758656859398,
          0.9644727110862732,
          -0.26263996958732605,
          -0.09111839532852173
        ],
        [
          0.0,
          0.0,
          0.0,
          1.0
        ]
      ]
    },
    {
      "file_path": "./images\\0041.jpg",
      "sharpness": 150.0,
      "transform_matrix": [
        [
          -0.44971606135368347,
          0.24874769151210785,
          0.85783451795578,
          0.4670417308807373
        ],
        [
          0.8926793336868286,
          0.09329430758953094,
          0.44093057513237,
          0.17612046003341675
        ],
        [
          0.029649386182427406,
          0.9640647172927856,
          -0.2640078663825989,
          -0.0915752500295639
        ],
        [
          0.0,
          0.0,
          0.0,
          1.0
        ]
      ]
    },
    {
      "file_path": "./images\\0042.jpg",
      "sharpness": 150.0,
      "transform_matrix": [
        [
          -0.44745415449142456,
          0.24751435220241547,
          0.8593726754188538,
          0.4676947593688965
        ],
        [
          0.8938212990760803,
          0.09211157262325287,
          0.4388609528541565,
          0.17500704526901245
        ],
        [
          0.029466211795806885,
          0.9644957780838013,
          -0.2624492943286896,
          -0.09047731757164001
        ],
        [
          0.0,
          0.0,
          0.0,
          1.0
        ]
      ]
    },
    {
      "file_path": "./images\\0043.jpg",
      "sharpness": 150.0,
      "transform_matrix": [
        [
          -0.4454673230648041,
          0.24922820925712585,
          0.8599094152450562,
          0.4677354097366333
        ],
        [
          0.8948243856430054,
          0.09269805252552032,
          0.4366879463195801,
          0.17385175824165344
        ],
        [
          0.029123034328222275,
          0.9639981389045715,
          -0.26430943608283997,
          -0.09227970987558365
        ],
        [
          0.0,
          0.0,
          0.0,
          1.0
        ]
      ]
    },
    {
      "file_path": "./images\\0044.jpg",
      "sharpness": 150.0,
      "transform_matrix": [
        [
          -0.44916075468063354,
          0.2485719919204712,
          0.8581762909889221,
          0.4671328067779541
        ],
        [
          0.892971932888031,
          0.09344745427370071,
          0.440305233001709,
          0.1758911907672882
        ],
        [
          0.0292531605809927,
          0.9640951752662659,
          -0.2639407515525818,
          -0.09118857979774475
        ],
        [
          0.0,
          0.0,
          0.0,
          1.0
        ]
      ]
    },
    {
      "file_path": "./images\\0045.jpg",
      "sharpness": 150.0,
      "transform_matrix": [
        [
          -0.4479846656322479,
          0.2484273612499237,
          0.8588326573371887,
          0.4674358367919922
        ],
        [
          0.8935489058494568,
          0.09253847599029541,
          0.4393255412578583,
          0.17522788047790527
        ],
        [
          0.029665421694517136,
          0.9642201662063599,
          -0.26343783736228943,
          -0.09197019785642624
        ],
        [
          0.0,
          0.0,
          0.0,
          1.0
        ]
      ]
    },
    {
      "file_path": "./images\\0046.jpg",
      "sharpness": 150.0,
      "transform_matrix": [
        [
          -0.4484066367149353,
          0.24805782735347748,
          0.8587192893028259,
          0.4673633277416229
        ],
        [
          0.8933536410331726,
          0.09302674978971481,
          0.4396194517612457,
          0.17543832957744598
        ],
        [
          0.029167188331484795,
          0.9642682671546936,
          -0.26331716775894165,
          -0.09146787226200104
        ],
        [
          0.0,
          0.0,
          0.0,
          1.0
        ]
      ]
    },
    {
      "file_path": "./images\\0047.jpg",
      "sharpness": 150.0,
      "transform_matrix": [
        [
          -0.4485093653202057,
          0.2484303116798401,
          0.858557939529419,
          0.4673813581466675
        ],
        [
          0.8933178186416626,
          0.09377612918615341,
          0.4395330548286438,
          0.17533349990844727
        ],
        [
          0.028681091964244843,
          0.9640998244285583,
          -0.2639867067337036,
          -0.09147653728723526
        ],
        [
          0.0,
          0.0,
          0.0,
          1.0
        ]
      ]
    },
    {
      "file_path": "./images\\0048.jpg",
      "sharpness": 150.0,
      "transform_matrix": [
        [
          -0.4461822211742401,
          0.24886134266853333,
          0.8596449494361877,
          0.4675193130970001
        ],
        [
          0.894447386264801,
          0.0920681357383728,
          0.43759265542030334,
          0.17423351109027863
        ],
        [
          0.02975398674607277,
          0.9641532301902771,
          -0.26367253065109253,
          -0.09253516048192978
        ],
        [
          0.0,
          0.0,
          0.0,
          1.0
        ]
      ]
    },
    {
      "file_path": "./images\\0049.jpg",
      "sharpness": 150.0,
      "transform_matrix": [
        [
          -0.43055570125579834,
          0.24634931981563568,
          0.8682936429977417,
          0.47098493576049805
        ],
        [
          0.9023061394691467,
          0.09449023753404617,
          0.4206128716468811,
          0.16563385725021362
        ],
        [
          0.02157241851091385,
          0.9645639657974243,
          -0.2629658281803131,
          -0.09033646434545517
        ],
        [
          0.0,
          0.0,
          0.0,
          1.0
        ]
      ]
    },
    {
      "file_path": "./images\\0050.jpg",
      "sharpness": 150.0,
      "transform_matrix": [
        [
          -0.4392293691635132,
          0.24874404072761536,
          0.8632519841194153,
          0.4692128002643585
        ],
        [
          0.8979612588882446,
          0.09240131825208664,
          0.43026450276374817,
          0.1703062206506729
        ],
        [
          0.02726011909544468,
          0.9641516208648682,
          -0.26394790410995483,
          -0.09120368957519531
        ],
        [
          0.0,
          0.0,
          0.0,
          1.0
        ]
      ]
    },
    {
      "file_path": "./images\\0051.jpg",
      "sharpness": 150.0,
      "transform_matrix": [
        [
          -0.4494163990020752,
          0.2473396509885788,
          0.8583984971046448,
          0.46719393134117126
        ],
        [
          0.8928738832473755,
          0.09392435848712921,
          0.440402626991272,
          0.1758626401424408
        ],
        [
          0.028304502367973328,
          0.9643657803535461,
          -0.2630542516708374,
          -0.09137514978647232
        ],
        [
          0.0,
          0.0,
          0.0,
          1.0
        ]
      ]
    },
    {
      "file_path": "./images\\0052.jpg",
      "sharpness": 150.0,
      "transform_matrix": [
        [
          -0.4511806070804596,
          0.24690674245357513,
          0.857597291469574,
          0.46689292788505554
        ],
        [
          0.8919681906700134,
          0.09376140683889389,
          0.4422686696052551,
          0.17670723795890808
        ],
        [
          0.02878957986831665,
          0.9644925594329834,
          -0.26253628730773926,
          -0.09091758728027344
        ],
        [
          0.0,
          0.0,
          0.0,
          1.0
        ]
      ]
    },
    {
      "file_path": "./images\\0053.jpg",
      "sharpness": 150.0,
      "transform_matrix": [
        [
          -0.4452669322490692,
          0.24692563712596893,
          0.8606771230697632,
          0.4680934548377991
        ],
        [
          0.8950027227401733,
          0.09418277442455292,
          0.4360043406486511,
          0.17351162433624268
        ],
        [
          0.026599692180752754,
          0.9644466638565063,
          -0.2629355788230896,
          -0.09042202681303024
        ],
        [
          0.0,
          0.0,
          0.0,
          1.0
        ]
      ]
    },
    {
      "file_path": "./images\\0054.jpg",
      "sharpness": 150.0,
      "transform_matrix": [
        [
          -0.4458788335323334,
          0.2471751868724823,
          0.8602886199951172,
          0.46805262565612793
        ],
        [
          0.8946835398674011,
          0.09399008750915527,
          0.4367004334926605,
          0.17383147776126862
        ],
        [
          0.027082910761237144,
          0.9644015431404114,
          -0.26305174827575684,
          -0.0906282365322113
        ],
        [
          0.0,
          0.0,
          0.0,
          1.0
        ]
      ]
    },
    {
      "file_path": "./images\\0055.jpg",
      "sharpness": 150.0,
      "transform_matrix": [
        [
          -0.44909122586250305,
          0.24788497388362885,
          0.8584113717079163,
          0.46729472279548645
        ],
        [
          0.893022358417511,
          0.09358549118041992,
          0.4401736557483673,
          0.17562158405780792
        ],
        [
          0.028777578845620155,
          0.9642586708068848,
          -0.2633952498435974,
          -0.09109504520893097
        ],
        [
          0.0,
          0.0,
          0.0,
          1.0
        ]
      ]
    },
    {
      "file_path": "./images\\0056.jpg",
      "sharpness": 150.0,
      "transform_matrix": [
        [
          -0.44984158873558044,
          0.24802294373512268,
          0.8579785227775574,
          0.4667503237724304
        ],
        [
          0.8926419019699097,
          0.09381410479545593,
          0.4408961236476898,
          0.17611722648143768
        ],
        [
          0.028861859813332558,
          0.9642009735107422,
          -0.26359716057777405,
          -0.09160108119249344
        ],
        [
          0.0,
          0.0,
          0.0,
          1.0
        ]
      ]
    },
    {
      "file_path": "./images\\0057.jpg",
      "sharpness": 150.0,
      "transform_matrix": [
        [
          -0.4470268785953522,
          0.2502116560935974,
          0.8588137626647949,
          0.46734967827796936
        ],
        [
          0.8940535187721252,
          0.09395541250705719,
          0.4379962682723999,
          0.17459645867347717
        ],
        [
          0.02890157327055931,
          0.9636215567588806,
          -0.2657032012939453,
          -0.09233474731445312
        ],
        [
          0.0,
          0.0,
          0.0,
          1.0
        ]
      ]
    },
    {
      "file_path": "./images\\0058.jpg",
      "sharpness": 150.0,
      "transform_matrix": [
        [
          -0.44887980818748474,
          0.24853721261024475,
          0.8583333492279053,
          0.46722397208213806
        ],
        [
          0.8931388258934021,
          0.09419222176074982,
          0.43980780243873596,
          0.17557978630065918
        ],
        [
          0.02846028283238411,
          0.9640316963195801,
          -0.2642592191696167,
          -0.09100949764251709
        ],
        [
          0.0,
          0.0,
          0.0,
          1.0
        ]
      ]
    },
    {
      "file_path": "./images\\0059.jpg",
      "sharpness": 150.0,
      "transform_matrix": [
        [
          -0.4440205991268158,
          0.24650287628173828,
          0.8614418506622314,
          0.468448281288147
        ],
        [
          0.8955795764923096,
          0.09207217395305634,
          0.43526992201805115,
          0.17300863564014435
        ],
        [
          0.027980465441942215,
          0.9647585153579712,
          -0.2616448998451233,
          -0.08982706069946289
        ],
        [
          0.0,
          0.0,
          0.0,
          1.0
        ]
      ]
    },
    {
      "file_path": "./images\\0060.jpg",
      "sharpness": 150.0,
      "transform_matrix": [
        [
          -0.4433724880218506,
          0.24660439789295197,
          0.8617465496063232,
          0.4684177041053772
        ],
        [
          0.8959019184112549,
          0.09195618331432343,
          0.4346306622028351,
          0.17276614904403687
        ],
        [
          0.02793891355395317,
          0.9647436738014221,
          -0.2617042064666748,
          -0.09017789363861084
        ],
        [
          0.0,
          0.0,
          0.0,
          1.0
        ]
      ]
    },
    {
      "file_path": "./images\\0061.jpg",
      "sharpness": 150.0,
      "transform_matrix": [
        [
          -0.4433354437351227,
          0.24929212033748627,
          0.8609919548034668,
          0.46832987666130066
        ],
        [
          0.8958898186683655,
          0.09226784855127335,
          0.4345895051956177,
          0.17268505692481995
        ],
        [
          0.028897864744067192,
          0.9640228748321533,
          -0.2642439007759094,
          -0.09122530370950699
        ],
        [
          0.0,
          0.0,
          0.0,
          1.0
        ]
      ]
    },
    {
      "file_path": "./images\\0062.jpg",
      "sharpness": 150.0,
      "transform_matrix": [
        [
          -0.4451610743999481,
          0.24890175461769104,
          0.8601624965667725,
          0.46789824962615967
        ],
        [
          0.8949886560440063,
          0.09282642602920532,
          0.436323881149292,
          0.17340914905071259
        ],
        [
          0.028755968436598778,
          0.9640700817108154,
          -0.2640869617462158,
          -0.0915260836482048
        ],
        [
          0.0,
          0.0,
          0.0,
          1.0
        ]
      ]
    },
    {
      "file_path": "./images\\0063.jpg",
      "sharpness": 150.0,
      "transform_matrix": [
        [
          -0.45072227716445923,
          0.24649089574813843,
          0.8579578399658203,
          0.46698954701423645
        ],
        [
          0.8922290205955505,
          0.0943874791264534,
          0.44160890579223633,
          0.1764196753501892
        ],
