{
  "camera_angle_x": 0.9149707799830914,
  "camera_angle_y": 0.9149707799830914,
  "fl_x": 1283.7158483774683,
  "fl_y": 1283.7158483774683,
  "k1": 0.013721379537269113,
  "k2": 0,
  "k3": 0,
  "k4": 0,
  "p1": 0,
  "p2": 0,
  "is_fisheye": false,
  "cx": 642.0515921864655,
  "cy": 646.5420335367471,
  "w": 1264.0,
  "h": 1264.0,
  "aabb_scale": 2,
  "frames": [
    {
      "file_path": "./images/0.jpg",
      "sharpness": 85.49441801032921,
      "transform_matrix": [
        [
          0.1973904284555251,
          0.03868472881483723,
          -0.9795613867828182,
          -4.219844150099044
        ],
        [
          -0.9497332602251253,
          0.25521909697897255,
          -0.18130070865100517,
          -0.6859551325988019
        ],
        [
          0.2429892038220789,
          0.9661090540198035,
          0.08711798052095167,
          0.40538386196675275
        ],
        [
          0.0,
          0.0,
          0.0,
          1.0
        ]
      ]
    },
    {
      "file_path": "./images/10.jpg",
      "sharpness": 96.52114188706422,
      "transform_matrix": [
        [
          0.9960830244005584,
          -0.018568397042848427,
          0.08645127585818023,
          0.4545641826609891
        ],
        [
          0.0883911222757417,
          0.18288978163529546,
          -0.9791518458718209,
          -3.745621592946082
        ],
        [
          0.0023702252755907426,
          0.9829580572786666,
          0.18381468827672187,
          0.4067394797959627
        ],
        [
          0.0,
          0.0,
          0.0,
          1.0
        ]
      ]
    },
    {
      "file_path": "./images/100.jpg",
      "sharpness": 124.12933473395046,
      "transform_matrix": [
        [
          -0.006695764328711379,
          -0.08867958128063688,
          0.996037699371443,
          3.6756194508405766
        ],
        [
          -0.9461656715160712,
          -0.3217838474548709,
          -0.03500967808545716,
          -0.08602299727278419
        ],
        [
          0.32361348670722917,
          -0.9426510952347881,
          -0.08175098676481385,
          -0.4439305708009995
        ],
        [
          0.0,
          0.0,
          0.0,
          1.0
        ]
      ]
    },
    {
      "file_path": "./images/101.jpg",
      "sharpness": 124.48952738062268,
      "transform_matrix": [
        [
          -0.07660668526788264,
          -0.19410800460743424,
          0.9779844059517511,
          3.6400182571296322
        ],
        [
          -0.8382776699424697,
          -0.5185281974595244,
          -0.16857952578283053,
          -0.5880559789755807
        ],
        [
          0.539835126529058,
          -0.8327368077355585,
          -0.1229936793941979,
          -0.6516540326259593
        ],
        [
          0.0,
          0.0,
          0.0,
          1.0
        ]
      ]
    },
    {
      "file_path": "./images/103.jpg",
      "sharpness": 108.35770299398729,
      "transform_matrix": [
        [
          0.12297710426160112,
          0.020787190713283422,
          0.9921917780826913,
          3.852317168471367
        ],
        [
          -0.5590853706766526,
          -0.8245780455856643,
          0.08657132915370842,
          0.3749923377644214
        ],
        [
          0.8199391319470112,
          -0.5653661994030895,
          -0.08978240605855323,
          -0.3856213174248747
        ],
        [
          0.0,
          0.0,
          0.0,
          1.0
        ]
      ]
    },
    {
      "file_path": "./images/104.jpg",
      "sharpness": 98.63648720552213,
      "transform_matrix": [
        [
          0.09729411676706991,
          0.2542921160358064,
          0.9622210632332674,
          3.821030953626987
        ],
        [
          -0.25031085979154716,
          -0.9294789167677087,
          0.27094910362041824,
          1.1474226157714749
        ],
        [
          0.9632644124427713,
          -0.26721613537303357,
          -0.026780752057392342,
          -0.06737485556222418
        ],
        [
          0.0,
          0.0,
          0.0,
          1.0
        ]
      ]
    },
    {
      "file_path": "./images/105.jpg",
      "sharpness": 76.4846341779232,
      "transform_matrix": [
        [
          -0.016124833638045087,
          0.3027214770799518,
          0.9529426514853291,
          3.839123052311253
        ],
        [
          0.028306430393212983,
          -0.952546353981676,
          0.30307456097893504,
          1.181960990501398
        ],
        [
          0.9994692269908821,
          0.031861431708702176,
          0.006790687070986738,
          -0.025175589825787836
        ],
        [
          0.0,
          0.0,
          0.0,
          1.0
        ]
      ]
    },
    {
      "file_path": "./images/106.jpg",
      "sharpness": 84.14684083058971,
      "transform_matrix": [
        [
          -0.18303753316792334,
          0.43876738508523594,
          0.8797615831590269,
          3.582301765548998
        ],
        [
          0.22498198123862853,
          -0.8524367128269937,
          0.47194783476631746,
          1.691752057076768
        ],
        [
          0.9570163893766088,
          0.28431467145631967,
          0.05731315749825786,
          0.13736900370747993
        ],
        [
          0.0,
          0.0,
          0.0,
          1.0
        ]
      ]
    },
    {
      "file_path": "./images/107.jpg",
      "sharpness": 82.3214077094889,
      "transform_matrix": [
        [
          -0.29260111776029496,
          0.37245736578925415,
          0.880715672916048,
          3.5188580705658246
        ],
        [
          0.35449380816991116,
          -0.8131468140348436,
          0.4616561477898262,
          1.4629268158267337
        ],
        [
          0.888098376208451,
          0.44728935767115086,
          0.10589383671025178,
          0.17148006067036592
        ],
        [
          0.0,
          0.0,
          0.0,
          1.0
        ]
      ]
    },
    {
      "file_path": "./images/108.jpg",
      "sharpness": 77.93470775672832,
      "transform_matrix": [
        [
          -0.22133412063967706,
          0.21486772337061016,
          0.9512323945595017,
          3.7685127987608333
        ],
        [
          0.6484943990701112,
          -0.696071024948557,
          0.30812358332287,
          0.8249382367859206
        ],
        [
          0.7283311207106818,
          0.6850671424490006,
          0.014723753062960978,
          -0.18314959827365926
        ],
        [
          0.0,
          0.0,
          0.0,
          1.0
        ]
      ]
    },
    {
      "file_path": "./images/109.jpg",
      "sharpness": 79.44066414665151,
      "transform_matrix": [
        [
          -0.14070806110615935,
          0.35632849888816664,
          0.9237051707038685,
          3.7943569075204975
        ],
        [
          0.8139932995528579,
          -0.489454991907756,
          0.31280779909969336,
          0.7709759356928978
        ],
        [
          0.5635744403457192,
          0.7959043986254808,
          -0.22117874762462433,
          -0.9805926242979061
        ],
        [
          0.0,
          0.0,
          0.0,
          1.0
        ]
      ]
    },
    {
      "file_path": "./images/11.jpg",
      "sharpness": 97.57691200857506,
      "transform_matrix": [
        [
          0.9867446620026344,
          0.1045071692253536,
          0.12415000424897964,
          0.6737320132375452
        ],
        [
          0.1316500763335349,
          -0.06819784903852608,
          -0.9889475773699319,
          -3.842449608506246
        ],
        [
          -0.09488534857529855,
          0.9921831005064045,
          -0.08105224030474655,
          -0.6750606558512535
        ],
        [
          0.0,
          0.0,
          0.0,
          1.0
        ]
      ]
    },
    {
      "file_path": "./images/110.jpg",
      "sharpness": 80.73634862840542,
      "transform_matrix": [
        [
          -0.12352187467969586,
          0.14937448793218114,
          0.9810349681819828,
          3.8481963625165676
        ],
        [
          0.9780254783831914,
          -0.14899641302244915,
          0.1458294638875759,
          0.28910383624396924
        ],
        [
          0.1679538928023391,
          0.977490322829751,
          -0.12768773876103248,
          -0.3285143611077034
        ],
        [
          0.0,
          0.0,
          0.0,
          1.0
        ]
      ]
    },
    {
      "file_path": "./images/111.jpg",
      "sharpness": 85.35482622061501,
      "transform_matrix": [
        [
          -0.23978931645170928,
          0.13886789114101578,
          0.9608417104241886,
          3.8171775987435117
        ],
        [
          0.9667812575197251,
          0.12439535608778869,
          0.22329307085159608,
          0.6835372045069226
        ],
        [
          -0.08851600885665435,
          0.982467049909208,
          -0.16408355183248124,
          -0.3902676892303703
        ],
        [
          0.0,
          0.0,
          0.0,
          1.0
        ]
      ]
    },
    {
      "file_path": "./images/114.jpg",
      "sharpness": 81.2730146511727,
      "transform_matrix": [
        [
          -0.38504562292331534,
          0.11668078972780992,
          0.9154919232529046,
          3.6694758965228034
        ],
        [
          0.9151806993752752,
          0.17628538186936796,
          0.36244689490754006,
          1.473667391671602
        ],
        [
          -0.11909725335675606,
          0.9773991290213043,
          -0.17466192142092177,
          -0.3748512528921452
        ],
        [
          0.0,
          0.0,
          0.0,
          1.0
        ]
      ]
    },
    {
      "file_path": "./images/115.jpg",
      "sharpness": 85.99432684853971,
      "transform_matrix": [
        [
          -0.3089062904533201,
          0.0940024865882465,
          0.9464356482079526,
          3.723237213698172
        ],
        [
          0.927940502233388,
          0.24801413060166985,
          0.27823625812375685,
          1.155584790758674
        ],
        [
          -0.20857451433808077,
          0.9641849010962921,
          -0.16384183968005178,
          -0.26942940219463735
        ],
        [
          0.0,
          0.0,
          0.0,
          1.0
        ]
      ]
    },
    {
      "file_path": "./images/116.jpg",
      "sharpness": 84.66736030831889,
      "transform_matrix": [
        [
          -0.3349490042147142,
          0.05116282325724568,
          0.9408461776810972,
          3.6760562179389273
        ],
        [
          0.915574403676932,
          0.2535277714336527,
          0.3121653094779765,
          1.2429510099014773
        ],
        [
          -0.2225593761334939,
          0.9659741376421178,
          -0.13176224597665845,
          -0.13797201866757455
        ],
        [
          0.0,
          0.0,
          0.0,
          1.0
        ]
      ]
    },
    {
      "file_path": "./images/118.jpg",
      "sharpness": 89.36445027849743,
      "transform_matrix": [
        [
          -0.29627801321089453,
          -0.26318160969097676,
          0.9181256881132797,
          3.3414606713950232
        ],
        [
          0.9161982644742312,
          0.1932468330099572,
          0.35105042615554977,
          1.404369705627536
        ],
        [
          -0.2698148977712999,
          0.9451936848168001,
          0.18387174629691982,
          1.084457434761408
        ],
        [
          0.0,
          0.0,
          0.0,
          1.0
        ]
      ]
    },
    {
      "file_path": "./images/119.jpg",
      "sharpness": 87.39220545700161,
      "transform_matrix": [
        [
          -0.4349725965160242,
          -0.14505780427733486,
          0.888682774483425,
          3.2895627484943604
        ],
        [
          0.8506728463154622,
          0.257378611174177,
          0.4583797105561792,
          1.9673287508604729
        ],
        [
          -0.29521949260951796,
          0.955360918132222,
          0.011444092454751847,
          0.3814348956284582
        ],
        [
          0.0,
          0.0,
          0.0,
          1.0
        ]
      ]
    },
    {
      "file_path": "./images/12.jpg",
      "sharpness": 94.7194031156051,
      "transform_matrix": [
        [
          0.9921342931980189,
          0.12435897740740831,
          -0.014296466831418608,
          0.08679962177143802
        ],
        [
          0.03082164280547793,
          -0.35338022550031334,
          -0.9349718939936557,
          -3.8039759229820396
        ],
        [
          -0.12132423731446325,
          0.9271770386133509,
          -0.35443358823821575,
          -1.6959020775742257
        ],
        [
          0.0,
          0.0,
          0.0,
          1.0
        ]
      ]
    },
    {
      "file_path": "./images/120.jpg",
      "sharpness": 83.71060709420799,
      "transform_matrix": [
        [
          -0.708089317214624,
          -0.0009829185394914519,
          0.7061221938750288,
          2.640970067252812
        ],
        [
          0.6894175753227537,
          0.21526852786456585,
          0.6916378154388917,
          2.8678743585066457
        ],
        [
          -0.15268570879938337,
          0.9765543992768448,
          -0.15175170359718163,
          -0.34695221468834425
        ],
        [
          0.0,
          0.0,
          0.0,
          1.0
        ]
      ]
    },
    {
      "file_path": "./images/121.jpg",
      "sharpness": 89.17040173731962,
      "transform_matrix": [
        [
          -0.9284457856703843,
          -0.12057965612808724,
          0.35135305543590606,
          1.1099567496434053
        ],
        [
          0.30021953384588396,
          0.3134501427421333,
          0.9008980183740338,
          3.8264066966078625
        ],
        [
          -0.21876163864128573,
          0.9419180189964671,
          -0.25482109589264257,
          -0.8480153320333785
        ],
        [
          0.0,
          0.0,
          0.0,
          1.0
        ]
      ]
    },
    {
      "file_path": "./images/124.jpg",
      "sharpness": 93.01004758780358,
      "transform_matrix": [
        [
          -0.8113553328321277,
          0.0973258435256284,
          -0.5763941394845227,
          -2.3453959472247043
        ],
        [
          -0.4995573179213744,
          0.39659865802430594,
          0.7701636128528059,
          3.4567844829038563
        ],
        [
          0.3035539654862811,
          0.9128182648278697,
          -0.27316259882598765,
          -1.15150593376687
        ],
        [
          0.0,
          0.0,
          0.0,
          1.0
        ]
      ]
    },
    {
      "file_path": "./images/125.jpg",
      "sharpness": 92.83810983766412,
      "transform_matrix": [
        [
          -0.5343024740017911,
          -0.10358641941780984,
          -0.8389223563316065,
          -3.5270421776330583
        ],
        [
          -0.7916707910526926,
          0.4091790811328966,
          0.4536847343202191,
          2.249656071665155
        ],
        [
          0.2962739017328593,
          0.9065552014329696,
          -0.30063173796189974,
          -1.275603650389419
        ],
        [
          0.0,
          0.0,
          0.0,
          1.0
        ]
      ]
    },
    {
      "file_path": "./images/127.jpg",
      "sharpness": 82.3829278414514,
      "transform_matrix": [
        [
          -0.2400736516506949,
          -0.01914378813280526,
          -0.9705658953024457,
          -4.022842440739796
        ],
        [
          -0.8355760163660337,
          0.5130059201364044,
          0.19656461221907345,
          1.048565197184888
        ],
        [
          0.4941430588819154,
          0.858171568658287,
          -0.13915529479173622,
          -0.6939075426881971
        ],
        [
          0.0,
          0.0,
          0.0,
          1.0
        ]
      ]
    },
    {
      "file_path": "./images/128.jpg",
      "sharpness": 83.34673075928265,
      "transform_matrix": [
        [
          -0.08739522345150103,
          -0.05434344014255946,
          -0.9946903364346843,
          -4.1798865754341215
        ],
        [
          -0.895740970316808,
          0.44121122305413996,
          0.054596435276833874,
          0.39090681100695623
        ],
        [
          0.4359015817860172,
          0.895756354783431,
          -0.08723739923177631,
          -0.3114857292109332
        ],
        [
          0.0,
          0.0,
          0.0,
          1.0
        ]
      ]
    },
    {
      "file_path": "./images/129.jpg",
      "sharpness": 84.51263100250326,
      "transform_matrix": [
        [
          -0.03656675928155779,
          -0.04498383946412887,
          -0.9983182489907325,
          -4.29658149297145
        ],
        [
          -0.9411367538429984,
          0.3374765802992747,
          0.019265728985297773,
          0.1494989955879329
        ],
        [
          0.33604238225991817,
          0.9402584814315532,
          -0.054676369523631745,
          -0.1975548403720268
        ],
        [
          0.0,
          0.0,
          0.0,
          1.0
        ]
      ]
    },
    {
      "file_path": "./images/13.jpg",
      "sharpness": 95.40460008947817,
      "transform_matrix": [
        [
          0.9959477591748142,
          0.08948727050585968,
          0.008949266857598616,
          0.12377795971278883
        ],
        [
          0.05509070680356339,
          -0.528406165550032,
          -0.8472024186878602,
          -3.4736933150661855
        ],
        [
          -0.07108498422963146,
          0.8442623718962163,
          -0.5311948534957996,
          -2.35582543293127
        ],
        [
          0.0,
          0.0,
          0.0,
          1.0
        ]
      ]
    },
    {
      "file_path": "./images/132.jpg",
      "sharpness": 79.74132004918697,
      "transform_matrix": [
        [
          0.012698056674809019,
          0.027464374561473097,
          -0.9995421289029499,
          -4.214106231887745
        ],
        [
          -0.9988169498685002,
          0.04727548833474914,
          -0.011389857596166097,
          -0.18442826890469952
        ],
        [
          0.04694102693981861,
          0.9985042495131866,
          0.028032189659740334,
          -0.00856186054936056
        ],
        [
          0.0,
          0.0,
          0.0,
          1.0
        ]
      ]
    },
    {
      "file_path": "./images/133.jpg",
      "sharpness": 78.02101610997809,
      "transform_matrix": [
        [
          -0.08229268067852967,
          0.1155547203538272,
          -0.9898863678604235,
          -4.18457396479115
        ],
        [
          -0.9853322023266046,
          0.13955703886637016,
          0.09820531532975824,
          0.14410571657884286
        ],
        [
          0.14949369806297663,
          0.9834484935523613,
          0.10237526425960009,
          0.2237649336839877
        ],
        [
          0.0,
          0.0,
          0.0,
          1.0
        ]
      ]
    },
    {
      "file_path": "./images/134.jpg",
      "sharpness": 76.86165280738413,
      "transform_matrix": [
        [
          -0.0029854639804688127,
          0.07413856129964352,
          -0.9972434811511437,
          -4.276872651876564
        ],
        [
          -0.9782727603331222,
          0.20651437459024136,
          0.01828167048656396,
          -0.05817732673179469
        ],
        [
          0.20730049057215152,
          0.9756307122986821,
          0.07191119378294034,
          0.228712033860129
        ],
        [
          0.0,
          0.0,
          0.0,
          1.0
        ]
      ]
    },
    {
      "file_path": "./images/135.jpg",
      "sharpness": 72.9418437363154,
      "transform_matrix": [
        [
          -0.0928975512009129,
          0.03808796995296328,
          -0.9949469088805426,
          -4.345836145504394
        ],
        [
          -0.9826866616615544,
          -0.16438840461462098,
          0.08545980001552485,
          0.057580066854934796
        ],
        [
          -0.16030274473194375,
          0.9856600625658658,
          0.05269982027706611,
          0.1937833534540241
        ],
        [
          0.0,
          0.0,
          0.0,
          1.0
        ]
      ]
    },
    {
      "file_path": "./images/136.jpg",
      "sharpness": 75.96064960416095,
      "transform_matrix": [
        [
          -0.128810746182491,
          0.040651910504414385,
          -0.9908356139165883,
          -4.343574237071899
        ],
        [
          -0.9503798025391617,
          -0.2903707377492027,
          0.11163810094484859,
          0.0632680506028249
        ],
        [
          -0.28317136611265126,
          0.9560503421879186,
          0.07603762607706012,
          0.24419496561757253
        ],
        [
          0.0,
          0.0,
          0.0,
          1.0
        ]
      ]
    },
    {
      "file_path": "./images/137.jpg",
      "sharpness": 74.01021730684795,
      "transform_matrix": [
        [
          -0.11199115198526811,
          -0.06466242639380457,
          -0.9916031224512607,
          -4.33794223498311
        ],
        [
          -0.9857661837160371,
          -0.11868859295085762,
          0.11907161266746372,
          0.2984675822010877
        ],
        [
          -0.12539143875911873,
          0.9908237928510584,
          -0.050449961043962814,
          -0.0584691845158288
        ],
        [
          0.0,
          0.0,
          0.0,
          1.0
        ]
      ]
    },
    {
      "file_path": "./images/138.jpg",
      "sharpness": 61.210377931859504,
      "transform_matrix": [
        [
          0.010725276762311164,
          -0.13817379153379844,
          -0.9903499238838552,
          -4.343596772449754
        ],
        [
          -0.9989244017584037,
          -0.04616140603147297,
          -0.0043776892052136245,
          0.08408324987714062
        ],
        [
          -0.045111063034000067,
          0.9893316571754659,
          -0.138520265902015,
          -0.20029170089266898
        ],
        [
          0.0,
          0.0,
          0.0,
          1.0
        ]
      ]
    },
    {
      "file_path": "./images/139.jpg",
      "sharpness": 72.18836437912074,
      "transform_matrix": [
        [
          0.08740372650785493,
          -0.14732121938425413,
          -0.9852192887255546,
          -4.21984262317349
        ],
        [
          -0.9725662112500388,
          -0.2266500887276813,
          -0.052389903726226386,
          -0.09014657412250163
        ],
        [
          -0.21558189470549877,
          0.962770063703331,
          -0.16308970254141528,
          -0.23837920875396662
        ],
        [
          0.0,
          0.0,
          0.0,
          1.0
        ]
      ]
    },
    {
      "file_path": "./images/140.jpg",
      "sharpness": 74.88655649449527,
      "transform_matrix": [
        [
          0.19175425440351998,
          -0.0884612684456175,
          -0.9774481622410232,
          -4.03212188731768
        ],
        [
          -0.7979147823584388,
          -0.5939429002055091,
          -0.1027805010073303,
          -0.42560914089335095
        ],
        [
          -0.5714563027913943,
          0.7996289359790834,
          -0.1844756317461082,
          -0.6128734229141913
        ],
        [
          0.0,
          0.0,
          0.0,
          1.0
        ]
      ]
    },
    {
      "file_path": "./images/141.jpg",
      "sharpness": 75.25089341350089,
      "transform_matrix": [
        [
          0.29655992017824623,
          -0.10554296098229858,
          -0.949164315119449,
          -3.914058155277534
        ],
        [
          -0.3011356069955092,
          -0.9535065964582559,
          0.011938036187054413,
          -0.1683436234491256
        ],
        [
          -0.906294411276673,
          0.2822868291132542,
          -0.31455458375459944,
          -1.1330326768762349
        ],
        [
          0.0,
          0.0,
          0.0,
          1.0
        ]
      ]
    },
    {
      "file_path": "./images/143.jpg",
      "sharpness": 74.01160862183897,
      "transform_matrix": [
        [
          0.3287145791589514,
          0.16681294801877916,
          -0.9295806397439913,
          -3.687049058181751
        ],
        [
          0.3624502707896666,
          -0.9311895549433316,
          -0.03893345562497018,
          -0.5367154480453835
        ],
        [
          -0.8721103867165051,
          -0.3241287601150751,
          -0.366556980851038,
          -1.499769495032111
        ],
        [
          0.0,
          0.0,
          0.0,
          1.0
        ]
      ]
    },
    {
      "file_path": "./images/15.jpg",
      "sharpness": 91.82617270061384,
      "transform_matrix": [
        [
          0.9773550083265008,
          -0.12887032237926346,
          0.167838099590593,
          0.6777353790199654
        ],
        [
          0.0341252776498764,
          -0.6867907907345538,
          -0.7260536310669407,
          -3.0208476027439195
        ],
        [
          0.20883642663343976,
          0.7153396743856728,
          -0.6668406834649124,
          -2.769361647009952
        ],
        [
          0.0,
          0.0,
          0.0,
          1.0
        ]
      ]
    },
    {
      "file_path": "./images/153.jpg",
      "sharpness": 84.57410402397994,
      "transform_matrix": [
        [
          -0.024237378477570938,
          -0.007263156570029277,
          -0.9996798467541421,
          -4.022135857769299
        ],
        [
          0.12743305520428913,
          0.9917937382707052,
          -0.010295492522708422,
          0.01902814969293659
        ],
        [
          0.9915509900603344,
          -0.1276417928469215,
          -0.02311291397400617,
          -0.4712203141586846
        ],
        [
          0.0,
          0.0,
          0.0,
          1.0
        ]
      ]
    },
    {
      "file_path": "./images/155.jpg",
      "sharpness": 90.995903284798,
      "transform_matrix": [
        [
          0.11546160688482218,
          0.03313082502131794,
          -0.9927592687727436,
          -4.017625557497271
        ],
        [
          -0.550826418556595,
          0.8338328375565055,
          -0.03623610948412375,
          0.11116474069104929
        ],
        [
          0.8265947458885265,
          0.5510219119352463,
          0.11452501298792281,
          0.122258463168693
        ],
        [
          0.0,
          0.0,
          0.0,
          1.0
        ]
      ]
    },
    {
      "file_path": "./images/156.jpg",
      "sharpness": 90.40801173202743,
      "transform_matrix": [
        [
          0.12996436797594355,
          -0.05596085877130463,
          -0.9899382027719723,
          -4.043899304959722
        ],
        [
          -0.7927915811708893,
          0.5937466074394743,
          -0.13764619492249025,
          -0.24684289724399563
        ],
        [
          0.5954752487450541,
          0.8027037737644558,
          0.032800604864748416,
          0.010813270770791666
        ],
        [
          0.0,
          0.0,
          0.0,
          1.0
        ]
      ]
    },
    {
      "file_path": "./images/157.jpg",
      "sharpness": 90.42340867917648,
      "transform_matrix": [
        [
          0.13127409067204787,
          0.07214539632311522,
          -0.9887174292348746,
          -4.042011699381058
        ],
        [
          -0.8892795937357769,
          0.4493423084051526,
          -0.08528360944651003,
          -0.1077073259008642
        ],
        [
          0.43811975220942234,
          0.8904417620687918,
          0.12314443166849175,
          0.555579039645225
        ],
        [
          0.0,
          0.0,
          0.0,
          1.0
        ]
      ]
    },
    {
      "file_path": "./images/158.jpg",
      "sharpness": 85.97468147725662,
      "transform_matrix": [
        [
          0.21019144143314206,
          0.23979700209870694,
          -0.9477958407262306,
          -3.854525170829348
        ],
        [
          -0.9314034778630087,
          0.343786300735888,
          -0.11957650625850212,
          -0.3535349844396327
        ],
        [
          0.2971651382139056,
          0.9079143005685193,
          0.2956086998325028,
          1.3436665751247043
        ],
        [
          0.0,
          0.0,
          0.0,
          1.0
        ]
      ]
    },
    {
      "file_path": "./images/159.jpg",
      "sharpness": 79.370277784833,
      "transform_matrix": [
        [
          0.044879189754714985,
          0.41757073570291464,
          -0.9075354202325645,
          -3.520841730568636
        ],
        [
          -0.9473750923727207,
          0.3060266362026888,
          0.09395814112789364,
          0.5448831008920341
        ],
        [
          0.3169641820046181,
          0.8555596873296638,
          0.4093303417848315,
          1.7997798240124419
        ],
        [
          0.0,
          0.0,
          0.0,
          1.0
        ]
      ]
    },
    {
      "file_path": "./images/16.jpg",
      "sharpness": 99.3511671730402,
      "transform_matrix": [
        [
          0.9457588979423454,
          -0.06472266216255394,
          0.31835684998234853,
          1.1488055300145126
        ],
        [
          0.16111471181915987,
          -0.7575062794662962,
          -0.6326344016906784,
          -2.6289474681367335
        ],
        [
          0.28210309562577385,
          0.649611586683953,
          -0.7059905309899622,
          -2.858737029738933
        ],
        [
          0.0,
          0.0,
          0.0,
          1.0
        ]
      ]
    },
    {
      "file_path": "./images/167.jpg",
      "sharpness": 83.27813321528494,
      "transform_matrix": [
        [
          -0.05470044499727505,
          0.5166093444595394,
          0.8544721449523072,
          3.2369510394530696
        ],
        [
          -0.9641158953567487,
          -0.24997197327280646,
          0.08941226368076781,
          0.3202985790412463
        ],
        [
          0.2597852991071406,
          -0.8189192864765434,
          0.5117448588581414,
          1.4124085439162988
        ],
        [
          0.0,
          0.0,
          0.0,
          1.0
        ]
      ]
    },
    {
      "file_path": "./images/17.jpg",
      "sharpness": 103.17662197090559,
      "transform_matrix": [
        [
          0.9190093144579939,
          0.007048213763916617,
          0.3941728080263757,
          1.4048260468377047
        ],
        [
          0.18532676509461385,
          -0.8902005046776618,
          -0.4161694986530933,
          -1.7025398270953036
        ],
        [
          0.3479595810467619,
          0.45551441705529455,
          -0.8194087781905397,
          -3.3849257491822033
        ],
        [
          0.0,
          0.0,
          0.0,
          1.0
        ]
      ]
    },
    {
      "file_path": "./images/180.jpg",
      "sharpness": 83.37406058196102,
      "transform_matrix": [
        [
          -0.9958682405918104,
          0.019264419862458165,
          -0.08874305309795472,
          -0.29051647956452054
        ],
        [
          -0.08205927131698051,
          0.22764432420455763,
          0.9702805458455512,
          4.350538434996557
        ],
        [
          0.038893744169876746,
          0.9735537703433331,
          -0.22512292837004677,
          -0.5231400343025178
        ],
        [
          0.0,
          0.0,
          0.0,
          1.0
        ]
      ]
    },
    {
      "file_path": "./images/182.jpg",
      "sharpness": 84.92824375301886,
      "transform_matrix": [
        [
          -0.9796206323878996,
          0.11506194743724227,
          0.16463342557662097,
          0.7122827029196194
        ],
        [
          0.19344898809265548,
          0.3199362383204804,
          0.9274795374633519,
          3.9589386472702226
        ],
        [
          0.05404540290792698,
          0.9404262606007101,
          -0.3356747574070195,
          -1.420505864971254
        ],
        [
          0.0,
          0.0,
          0.0,
          1.0
        ]
      ]
    },
    {
      "file_path": "./images/183.jpg",
      "sharpness": 82.17469757936395,
      "transform_matrix": [
        [
          -0.9952852345276337,
          0.08413463069598313,
          0.0482562515549573,
          0.2723957463057534
        ],
        [
          0.06837351365951454,
          0.2557380811088693,
          0.9643252026669065,
          4.135668585074458
        ],
        [
          0.06879218362303748,
          0.9630780849720897,
          -0.26028491635521805,
          -1.0691374335027095
        ],
        [
          0.0,
          0.0,
          0.0,
          1.0
        ]
      ]
    },
    {
      "file_path": "./images/184.jpg",
      "sharpness": 78.80540079327345,
      "transform_matrix": [
        [
          -0.9748389307944637,
          -0.0053210369400489505,
          0.2228469105430924,
          0.8739443808224345
        ],
        [
          0.21454527897040168,
          0.2489030927517448,
          0.9444668197920421,
          4.066951276603618
        ],
        [
          -0.0604928280811112,
          0.9685137773670816,
          -0.2414988214548315,
          -0.6831683467547123
        ],
        [
          0.0,
          0.0,
          0.0,
          1.0
        ]
      ]
    },
    {
      "file_path": "./images/185.jpg",
      "sharpness": 88.60189353138362,
      "transform_matrix": [
        [
          -0.9233967479299459,
          -0.013383522172868478,
          0.38361351281186684,
          1.4687376017634146
        ],
        [
          0.3715941058628123,
          0.21932489714421302,
          0.9021166277032375,
          3.821503044893752
        ],
        [
          -0.0962094921299726,
          0.9755600805649174,
          -0.19755065880791392,
          -0.5378381688260135
        ],
        [
          0.0,
          0.0,
          0.0,
          1.0
        ]
      ]
    },
    {
      "file_path": "./images/186.jpg",
      "sharpness": 88.50765671586886,
      "transform_matrix": [
        [
          -0.7591144751819602,
          0.11613313712832563,
          0.640514096640474,
          2.72450137407028
        ],
        [
          0.6506125147868406,
          0.16737099961994192,
          0.7407363256158896,
          3.008303358370306
        ],
        [
          -0.021179451346698085,
          0.9790301542397998,
          -0.2026114209343171,
          -0.6007228532204479
        ],
        [
          0.0,
          0.0,
          0.0,
          1.0
        ]
      ]
    },
    {
      "file_path": "./images/187.jpg",
      "sharpness": 76.95456384478902,
      "transform_matrix": [
        [
          -0.5116909054167909,
          -0.08173820977957884,
          0.8552726362634232,
          3.4134329000341976
        ],
        [
          0.8522428657459001,
          0.07786250158319578,
          0.5173195614225187,
          1.9646925248648461
        ],
        [
          -0.10887844182975843,
          0.9936077172972966,
          0.02981927221036622,
          0.28933753159654446
        ],
        [
          0.0,
          0.0,
          0.0,
          1.0
        ]
      ]
    },
    {
      "file_path": "./images/191.jpg",
      "sharpness": 74.0633131626025,
      "transform_matrix": [
        [
          0.0908440245957535,
          -0.028839508790917266,
          0.9954474601369758,
          3.95199532110285
        ],
        [
          0.9669422146024048,
          0.24170811227229405,
          -0.08124002756969917,
          -0.5803496303707776
        ],
        [
          -0.23826480396668737,
          0.9699203426878881,
          0.049843876194592546,
          0.27404321355234723
        ],
        [
          0.0,
          0.0,
          0.0,
          1.0
        ]
      ]
    },
    {
      "file_path": "./images/192.jpg",
      "sharpness": 77.51115782422774,
      "transform_matrix": [
        [
          0.19897475564796438,
          0.3015851412476248,
          0.9324459497250737,
          3.835059923165449
        ],
        [
          0.9566277230347049,
          0.14680659314151193,
          -0.2516172166795891,
          -1.3375653321182044
        ],
        [
          -0.21277322700038773,
          0.942069119944072,
          -0.2592939009749726,
          -1.0153301125267307
        ],
        [
          0.0,
          0.0,
          0.0,
          1.0
        ]
      ]
    },
    {
      "file_path": "./images/193.jpg",
      "sharpness": 75.36890159298378,
      "transform_matrix": [
        [
          0.42041075830261543,
          0.20769938764835408,
          0.883241619625757,
          3.4961384158163735
        ],
        [
          0.8904223851727214,
          0.09262577339712066,
          -0.4456101907316207,
          -2.0837299363464132
        ],
        [
          -0.17436390185918496,
          0.9737974278238379,
          -0.14599931251651138,
          -0.5591463305539258
        ],
        [
          0.0,
          0.0,
          0.0,
          1.0
        ]
      ]
    },
    {
      "file_path": "./images/194.jpg",
      "sharpness": 74.70839672189588,
      "transform_matrix": [
        [
          0.6684117182752038,
          0.07706135431695738,
          0.7397887012576209,
          2.607695799869784
        ],
        [
          0.7406093722658378,
          0.022949642250614653,
          -0.6715437972541591,
          -2.9901972748973638
        ],
        [
          -0.06872796053446695,
          0.9967621890674735,
          -0.041732551436102425,
          -0.31925040176589325
        ],
        [
          0.0,
          0.0,
          0.0,
          1.0
        ]
      ]
    },
    {
      "file_path": "./images/195.jpg",
      "sharpness": 68.66538019325003,
      "transform_matrix": [
        [
          0.8382672903204238,
          -0.0833612760873806,
          0.5388495593327967,
          1.7775760537756278
        ],
        [
          0.5413271445866512,
          0.2457065478238703,
          -0.804110200711385,
          -3.4081463517168396
        ],
        [
          -0.06536721257389437,
          0.9657531723847429,
          0.25109348361178274,
          0.771136597656215
        ],
        [
          0.0,
          0.0,
          0.0,
          1.0
        ]
      ]
    },
    {
      "file_path": "./images/196.jpg",
      "sharpness": 74.73184838240401,
      "transform_matrix": [
        [
          0.9120542055449218,
          -0.11280766605985798,
          0.39424809015537454,
          1.2643000387730614
        ],
        [
          0.40981574532560744,
          0.2169173136276025,
          -0.886001091381814,
          -3.804581379325607
        ],
        [
          0.01442847862595281,
          0.9696500964223963,
          0.24407070589432464,
          0.8356447690526301
        ],
        [
          0.0,
          0.0,
          0.0,
          1.0
        ]
      ]
    },
    {
      "file_path": "./images/198.jpg",
      "sharpness": 80.64794555450773,
      "transform_matrix": [
        [
          0.9924261507228864,
          -0.09833086154652756,
          -0.07363000063889494,
          -0.5873812202576167
        ],
        [
          -0.04572962673152851,
          0.2605810988419304,
