{
  "camera_angle_x": 0.9270992887304639,
  "camera_angle_y": 0.9270992887304639,
  "fl_x": 1264.3096289147725,
  "fl_y": 1264.3096289147725,
  "k1": 0.006803896145927472,
  "k2": 0,
  "k3": 0,
  "k4": 0,
  "p1": 0,
  "p2": 0,
  "is_fisheye": false,
  "cx": 648.6767770444535,
  "cy": 654.943953037725,
  "w": 1264.0,
  "h": 1264.0,
  "aabb_scale": 2,
  "frames": [
    {
      "file_path": "./images/0.jpg",
      "sharpness": 87.23293586328167,
      "transform_matrix": [
        [
          -0.07412445227270748,
          0.021658454075774797,
          -0.9970137797115065,
          -4.364210178845773
        ],
        [
          -0.9965819236888073,
          0.03495285041220007,
          0.0748516374221509,
          0.3456380800952703
        ],
        [
          0.03646964425276269,
          0.999154247154775,
          0.018993562934787128,
          0.12322896036741664
        ],
        [
          0.0,
          0.0,
          0.0,
          1.0
        ]
      ]
    },
    {
      "file_path": "./images/1.jpg",
      "sharpness": 87.05763655361062,
      "transform_matrix": [
        [
          0.013605682350582498,
          0.034661977130882905,
          -0.999306475882879,
          -4.211089814053371
        ],
        [
          -0.9896809104254591,
          0.14303572798997777,
          -0.008513287133069229,
          0.02465660095328956
        ],
        [
          0.1426414418990917,
          0.9891103719263173,
          0.03625039576385461,
          0.1739343600376984
        ],
        [
          0.0,
          0.0,
          0.0,
          1.0
        ]
      ]
    },
    {
      "file_path": "./images/10.jpg",
      "sharpness": 95.51582110037268,
      "transform_matrix": [
        [
          0.9808097931694656,
          -0.0588213205893492,
          -0.1858822257756276,
          -0.6119940487298892
        ],
        [
          -0.18668996108894767,
          -0.00849978818875621,
          -0.9823821110084165,
          -3.797996211794437
        ],
        [
          0.05620505354572031,
          0.9982323406087268,
          -0.019318025547424348,
          -0.37171941680948306
        ],
        [
          0.0,
          0.0,
          0.0,
          1.0
        ]
      ]
    },
    {
      "file_path": "./images/100.jpg",
      "sharpness": 131.34123042454675,
      "transform_matrix": [
        [
          -0.2661842276184061,
          -0.08499041337159036,
          0.9601679991514115,
          3.5246431929541293
        ],
        [
          -0.958148255488855,
          -0.08553447594245941,
          -0.27319548665545657,
          -1.0056140099944004
        ],
        [
          0.10534646396623588,
          -0.9927036229673668,
          -0.05866548789177727,
          -0.30770391940186387
        ],
        [
          0.0,
          0.0,
          0.0,
          1.0
        ]
      ]
    },
    {
      "file_path": "./images/101.jpg",
      "sharpness": 131.4935360772277,
      "transform_matrix": [
        [
          -0.3265924747664856,
          -0.23957361917817632,
          0.9142985488406284,
          3.3828338673716614
        ],
        [
          -0.8827363988940438,
          -0.26841917670272264,
          -0.38565216924815526,
          -1.422527076353129
        ],
        [
          0.3378073496709906,
          -0.9330357048714447,
          -0.12381667066923163,
          -0.6053197649770448
        ],
        [
          0.0,
          0.0,
          0.0,
          1.0
        ]
      ]
    },
    {
      "file_path": "./images/103.jpg",
      "sharpness": 115.27137234264967,
      "transform_matrix": [
        [
          -0.0928594965167127,
          -0.1401269415690698,
          0.9857695238469627,
          3.794322611720977
        ],
        [
          -0.7270573016928789,
          -0.666877491687836,
          -0.1632853059378291,
          -0.6324581843601844
        ],
        [
          0.6802681779696126,
          -0.7318735213972107,
          -0.039954407915222805,
          -0.13495037542275368
        ],
        [
          0.0,
          0.0,
          0.0,
          1.0
        ]
      ]
    },
    {
      "file_path": "./images/104.jpg",
      "sharpness": 97.6282059995927,
      "transform_matrix": [
        [
          -0.05438005573943362,
          0.03010066476227888,
          0.9980665105647776,
          3.9371167353157976
        ],
        [
          -0.457496024401102,
          -0.8892096561210973,
          0.0018907982932355022,
          0.03966203280654783
        ],
        [
          0.887547292930847,
          -0.45650863895468813,
          0.062126205124480804,
          0.34900338840836764
        ],
        [
          0.0,
          0.0,
          0.0,
          1.0
        ]
      ]
    },
    {
      "file_path": "./images/105.jpg",
      "sharpness": 74.94798883151864,
      "transform_matrix": [
        [
          -0.0970240706291788,
          0.04091826900831184,
          0.9944405587928389,
          3.9539886372022006
        ],
        [
          -0.17075503090459496,
          -0.9850243153980623,
          0.02387085032730082,
          0.05130324944032469
        ],
        [
          0.9805248845041323,
          -0.16748968128131936,
          0.10255806903771694,
          0.39605360750911806
        ],
        [
          0.0,
          0.0,
          0.0,
          1.0
        ]
      ]
    },
    {
      "file_path": "./images/106.jpg",
      "sharpness": 82.020436347485,
      "transform_matrix": [
        [
          -0.20463852014562517,
          0.17473203400409987,
          0.963115669251469,
          3.812086033938475
        ],
        [
          0.06494620254166432,
          -0.9793461546625802,
          0.19147610849146146,
          0.5682673344305837
        ],
        [
          0.9766806370766065,
          0.1017340928111923,
          0.18906376572951175,
          0.6595814149923299
        ],
        [
          0.0,
          0.0,
          0.0,
          1.0
        ]
      ]
    },
    {
      "file_path": "./images/107.jpg",
      "sharpness": 79.84662660971645,
      "transform_matrix": [
        [
          -0.27220493074133634,
          0.10817559445091289,
          0.9561393812816218,
          3.6913912969142104
        ],
        [
          0.22990510084381635,
          -0.9575702771868112,
          0.17378955335222926,
          0.3700527447870564
        ],
        [
          0.9343704406063047,
          0.2671276942081067,
          0.23578523003052138,
          0.6388995147206776
        ],
        [
          0.0,
          0.0,
          0.0,
          1.0
        ]
      ]
    },
    {
      "file_path": "./images/108.jpg",
      "sharpness": 76.31040001516168,
      "transform_matrix": [
        [
          -0.11038200936745589,
          -0.035264448468960194,
          0.9932634246132741,
          3.821003577470423
        ],
        [
          0.5238113738943402,
          -0.851374480217848,
          0.027984621003544416,
          -0.23022402672433118
        ],
        [
          0.8446522696242231,
          0.5233716777834345,
          0.11244834505277156,
          0.1437317641259453
        ],
        [
          0.0,
          0.0,
          0.0,
          1.0
        ]
      ]
    },
    {
      "file_path": "./images/109.jpg",
      "sharpness": 78.09391432493278,
      "transform_matrix": [
        [
          0.01981499329011721,
          0.13924269212885956,
          0.9900600177372717,
          3.896058973417169
        ],
        [
          0.6896679649465374,
          -0.7188445868204242,
          0.08729580817814055,
          -0.1259986578138976
        ],
        [
          0.7238545877200593,
          0.6810829117544918,
          -0.1102751247786716,
          -0.6291461975191355
        ],
        [
          0.0,
          0.0,
          0.0,
          1.0
        ]
      ]
    },
    {
      "file_path": "./images/11.jpg",
      "sharpness": 97.78152558150789,
      "transform_matrix": [
        [
          0.991923299093112,
          -0.004503870326046014,
          -0.1267591569103738,
          -0.3208098978930532
        ],
        [
          -0.12284838746717804,
          -0.2828267397391556,
          -0.9512714170967367,
          -3.7293414325086878
        ],
        [
          -0.031566475973567334,
          0.9591604404027133,
          -0.28109572596072835,
          -1.45614644511479
        ],
        [
          0.0,
          0.0,
          0.0,
          1.0
        ]
      ]
    },
    {
      "file_path": "./images/110.jpg",
      "sharpness": 79.28284413170357,
      "transform_matrix": [
        [
          0.11749791189518503,
          0.011273230931564267,
          0.9930091414266745,
          3.7697338221175496
        ],
        [
          0.9205215562355252,
          -0.3764159435612232,
          -0.10464751281631096,
          -0.7333652074587533
        ],
        [
          0.3726047573566498,
          0.9263821844631264,
          -0.054605339453425585,
          -0.10463636488668976
        ],
        [
          0.0,
          0.0,
          0.0,
          1.0
        ]
      ]
    },
    {
      "file_path": "./images/111.jpg",
      "sharpness": 82.84746448777227,
      "transform_matrix": [
        [
          0.023781784065782668,
          0.06918744403005186,
          0.9973201714231711,
          3.8433063226824724
        ],
        [
          0.9927968748242991,
          -0.11881175236625471,
          -0.015431553349022112,
          -0.3316964093144466
        ],
        [
          0.11742568750336832,
          0.9905033392577048,
          -0.07151463364936814,
          -0.07685529617736243
        ],
        [
          0.0,
          0.0,
          0.0,
          1.0
        ]
      ]
    },
    {
      "file_path": "./images/112.jpg",
      "sharpness": 78.034966644138,
      "transform_matrix": [
        [
          -0.010264304140273591,
          0.05217652960734088,
          0.9985851259712197,
          3.92382058300574
        ],
        [
          0.9978733996812166,
          -0.06374986957422012,
          0.013587948260148077,
          -0.2463159525843977
        ],
        [
          0.06436864352412003,
          0.996601005357581,
          -0.05141122293263233,
          0.10300650008581978
        ],
        [
          0.0,
          0.0,
          0.0,
          1.0
        ]
      ]
    },
    {
      "file_path": "./images/113.jpg",
      "sharpness": 82.08355551957742,
      "transform_matrix": [
        [
          -0.08055905390060801,
          0.08148884496614754,
          0.9934132105891428,
          3.9619545055407843
        ],
        [
          0.9943744460067239,
          -0.062195723094466464,
          0.08573886608520442,
          0.17064620291190258
        ],
        [
          0.06877281413017773,
          0.9947317528696749,
          -0.07601999645978637,
          -0.007724863125748501
        ],
        [
          0.0,
          0.0,
          0.0,
          1.0
        ]
      ]
    },
    {
      "file_path": "./images/114.jpg",
      "sharpness": 77.18500718855374,
      "transform_matrix": [
        [
          -0.12557941063098468,
          0.06118512342105779,
          0.9901950274010828,
          3.8967592003994818
        ],
        [
          0.9893604016496919,
          -0.06617771687846503,
          0.12956274710082957,
          0.45331605510523515
        ],
        [
          0.07345615884994833,
          0.9959301634417164,
          -0.05222357960034189,
          0.11065975106365192
        ],
        [
          0.0,
          0.0,
          0.0,
          1.0
        ]
      ]
    },
    {
      "file_path": "./images/115.jpg",
      "sharpness": 84.36054266575621,
      "transform_matrix": [
        [
          -0.040232993518416596,
          0.05891163756142257,
          0.9974521167377836,
          3.8575974565435245
        ],
        [
          0.9991462163752242,
          0.011751801718859258,
          0.039607239987576835,
          0.11464293666238275
        ],
        [
          -0.009388532133002482,
          0.9981940262837173,
          -0.05933414993234851,
          0.14393024867970344
        ],
        [
          0.0,
          0.0,
          0.0,
          1.0
        ]
      ]
    },
    {
      "file_path": "./images/116.jpg",
      "sharpness": 82.0007228619048,
      "transform_matrix": [
        [
          -0.0676152677580656,
          0.019077785030862306,
          0.9975290540513734,
          3.822255628283289
        ],
        [
          0.9973735633365997,
          0.027311681756439436,
          0.06708239110890445,
          0.1837184404992225
        ],
        [
          -0.025964412630121274,
          0.9994449010076857,
          -0.02087436511168552,
          0.2896757431779643
        ],
        [
          0.0,
          0.0,
          0.0,
          1.0
        ]
      ]
    },
    {
      "file_path": "./images/117.jpg",
      "sharpness": 83.50519328349644,
      "transform_matrix": [
        [
          -0.03307806535142339,
          -0.27071245421716944,
          0.962091788093335,
          3.429505176816189
        ],
        [
          0.9987684929052956,
          0.026661351984625686,
          0.041841007277982074,
          0.07483227276179666
        ],
        [
          -0.036977549571015275,
          0.9622909848036514,
          0.2694971639658714,
          1.436062231505048
        ],
        [
          0.0,
          0.0,
          0.0,
          1.0
        ]
      ]
    },
    {
      "file_path": "./images/118.jpg",
      "sharpness": 85.95747341707666,
      "transform_matrix": [
        [
          -0.025304458204051812,
          -0.29483764124721645,
          0.9552122537379236,
          3.435032706752335
        ],
        [
          0.9972135207243625,
          0.05963265339133563,
          0.044823439560456625,
          0.17477666221434715
        ],
        [
          -0.07017747843490235,
          0.9536848074419673,
          0.29250711028486553,
          1.5076715993856216
        ],
        [
          0.0,
          0.0,
          0.0,
          1.0
        ]
      ]
    },
    {
      "file_path": "./images/119.jpg",
      "sharpness": 84.55188795793234,
      "transform_matrix": [
        [
          -0.17205410716982045,
          -0.16641320658333122,
          0.9709294664768168,
          3.591054946248576
        ],
        [
          0.9783129643418196,
          0.08652812472726089,
          0.18819305893657431,
          0.8650173077763884
        ],
        [
          -0.11533051637104003,
          0.9822522732466454,
          0.14791667819313856,
          0.9413476327458209
        ],
        [
          0.0,
          0.0,
          0.0,
          1.0
        ]
      ]
    },
    {
      "file_path": "./images/12.jpg",
      "sharpness": 96.96629128414446,
      "transform_matrix": [
        [
          0.9734979435519393,
          -0.04632947872437539,
          -0.22395386420773863,
          -0.7905225859395549
        ],
        [
          -0.21098527192141062,
          -0.5597962412676252,
          -0.8013197759289896,
          -3.268453046612362
        ],
        [
          -0.08824380389052902,
          0.8273341209320931,
          -0.5547353273487784,
          -2.501126742144549
        ],
        [
          0.0,
          0.0,
          0.0,
          1.0
        ]
      ]
    },
    {
      "file_path": "./images/120.jpg",
      "sharpness": 81.43991377666153,
      "transform_matrix": [
        [
          -0.4870039440241083,
          -0.039827769132497394,
          0.8724912075793074,
          3.2591114905364176
        ],
        [
          0.8731441647552155,
          0.001964980154422548,
          0.4874581073352961,
          2.031691934462435
        ],
        [
          -0.021128796868515813,
          0.9992046275169201,
          0.03381843112812511,
          0.4034137209338388
        ],
        [
          0.0,
          0.0,
          0.0,
          1.0
        ]
      ]
    },
    {
      "file_path": "./images/121.jpg",
      "sharpness": 85.33404322741423,
      "transform_matrix": [
        [
          -0.7951475783865252,
          -0.12521051974141925,
          0.5933486785393852,
          2.0618734376158145
        ],
        [
          0.5792939685288832,
          0.1325106905487316,
          0.8042757082719549,
          3.4629842989532187
        ],
        [
          -0.1793288225775609,
          0.9832411925000015,
          -0.03283185581757936,
          0.06678757971561262
        ],
        [
          0.0,
          0.0,
          0.0,
          1.0
        ]
      ]
    },
    {
      "file_path": "./images/122.jpg",
      "sharpness": 85.11109103424558,
      "transform_matrix": [
        [
          -0.9576254584904497,
          0.04111983999542689,
          0.2850660274427885,
          0.9581206134850981
        ],
        [
          0.287286503918438,
          0.06595091874077226,
          0.9555715258333981,
          4.074304297579819
        ],
        [
          0.020492581834821163,
          0.9969752429565829,
          -0.07496945387097016,
          -0.10889001903006404
        ],
        [
          0.0,
          0.0,
          0.0,
          1.0
        ]
      ]
    },
    {
      "file_path": "./images/124.jpg",
      "sharpness": 92.54799615359562,
      "transform_matrix": [
        [
          -0.9377610853243139,
          0.11429176092146251,
          -0.32793526835206777,
          -1.3444351027196404
        ],
        [
          -0.3094638234174596,
          0.15350418121233073,
          0.938439453745514,
          4.1071843138001
        ],
        [
          0.15759533254578031,
          0.9815161026332109,
          -0.10858108225562542,
          -0.4169909444348588
        ],
        [
          0.0,
          0.0,
          0.0,
          1.0
        ]
      ]
    },
    {
      "file_path": "./images/125.jpg",
      "sharpness": 91.35930035965343,
      "transform_matrix": [
        [
          -0.7445719178738205,
          -0.0740190546043953,
          -0.6634258350874483,
          -2.79396958827837
        ],
        [
          -0.66087752427767,
          0.22182173416823364,
          0.7169630507600891,
          3.2950058530178605
        ],
        [
          0.0940933420275615,
          0.9722737771835438,
          -0.21407976359206496,
          -0.8466492604467626
        ],
        [
          0.0,
          0.0,
          0.0,
          1.0
        ]
      ]
    },
    {
      "file_path": "./images/128.jpg",
      "sharpness": 82.23325816661372,
      "transform_matrix": [
        [
          -0.35177741217520747,
          -0.014485618412065878,
          -0.9359715909870557,
          -4.011909331888828
        ],
        [
          -0.9085216716909378,
          0.24612993996123875,
          0.337651336029609,
          1.5097235819500567
        ],
        [
          0.22547954308502,
          0.969128587704784,
          -0.09974345159361084,
          -0.33680754301358057
        ],
        [
          0.0,
          0.0,
          0.0,
          1.0
        ]
      ]
    },
    {
      "file_path": "./images/129.jpg",
      "sharpness": 82.69687892098639,
      "transform_matrix": [
        [
          -0.3063655415909484,
          -0.036493513709677974,
          -0.9512141601001916,
          -4.182264109903803
        ],
        [
          -0.9440341694458165,
          0.13995569772650646,
          0.29868359444842907,
          1.2848768218197377
        ],
        [
          0.1222278276152955,
          0.9894850307728082,
          -0.07732872703779556,
          -0.28937706686124065
        ],
        [
          0.0,
          0.0,
          0.0,
          1.0
        ]
      ]
    },
    {
      "file_path": "./images/13.jpg",
      "sharpness": 98.77015070624104,
      "transform_matrix": [
        [
          0.9792657726754439,
          -0.11941967321320757,
          -0.16363828436011746,
          -0.611061064124451
        ],
        [
          -0.2001923507641892,
          -0.6941157798893038,
          -0.6914667792484108,
          -2.8427775890171385
        ],
        [
          -0.031009178552736265,
          0.7098888826811667,
          -0.7036307306275608,
          -3.053965073357062
        ],
        [
          0.0,
          0.0,
          0.0,
          1.0
        ]
      ]
    },
    {
      "file_path": "./images/133.jpg",
      "sharpness": 76.77348965167303,
      "transform_matrix": [
        [
          -0.34598446538021715,
          0.06596731179401616,
          -0.9359182995767001,
          -4.106505890922402
        ],
        [
          -0.9355998423388071,
          -0.0990419462594576,
          0.3388858626392325,
          1.1628742006589994
        ],
        [
          -0.07033978056661216,
          0.9928942575361143,
          0.09598598134079112,
          0.1279462158545279
        ],
        [
          0.0,
          0.0,
          0.0,
          1.0
        ]
      ]
    },
    {
      "file_path": "./images/134.jpg",
      "sharpness": 75.00162251031625,
      "transform_matrix": [
        [
          -0.2723692232551447,
          0.04296408877434399,
          -0.9612331107964839,
          -4.251381588776575
        ],
        [
          -0.962131796229342,
          -0.023411388202557167,
          0.27157745412115525,
          0.9945707958606521
        ],
        [
          -0.010835723662036494,
          0.9988022797183284,
          0.047713657525871644,
          0.08536488827502663
        ],
        [
          0.0,
          0.0,
          0.0,
          1.0
        ]
      ]
    },
    {
      "file_path": "./images/14.jpg",
      "sharpness": 100.27359455223922,
      "transform_matrix": [
        [
          0.9635905510371885,
          -0.18973732312816477,
          -0.18839585493399635,
          -0.6449744901585927
        ],
        [
          -0.2673677023848934,
          -0.6763957123923144,
          -0.6862968395517461,
          -2.8132382537975884
        ],
        [
          0.0027859766980281014,
          0.7116801166712887,
          -0.7024981493647396,
          -3.06420574891931
        ],
        [
          0.0,
          0.0,
          0.0,
          1.0
        ]
      ]
    },
    {
      "file_path": "./images/155.jpg",
      "sharpness": 86.75911989560085,
      "transform_matrix": [
        [
          -0.10460268216434233,
          0.19614861821540103,
          -0.9749789733366153,
          -3.9464538871543797
        ],
        [
          -0.7170991093759967,
          0.6643919982170609,
          0.21059947777070148,
          1.1028580774426848
        ],
        [
          0.6890770248763408,
          0.7211858236772358,
          0.07116081440556496,
          0.023130876000008814
        ],
        [
          0.0,
          0.0,
          0.0,
          1.0
        ]
      ]
    },
    {
      "file_path": "./images/156.jpg",
      "sharpness": 87.19471026648709,
      "transform_matrix": [
        [
          -0.12997566006646366,
          0.029451491965645994,
          -0.991079682671172,
          -4.0537529202399645
        ],
        [
          -0.901995099449686,
          0.41154437013926237,
          0.13052230451316899,
          0.7950085522082498
        ],
        [
          0.4117173403654347,
          0.910913739616042,
          -0.02692564973099319,
          -0.16091959343130005
        ],
        [
          0.0,
          0.0,
          0.0,
          1.0
        ]
      ]
    },
    {
      "file_path": "./images/157.jpg",
      "sharpness": 87.70045491088129,
      "transform_matrix": [
        [
          -0.13997382825517451,
          0.10852729199635634,
          -0.9841895926536892,
          -4.05906073575285
        ],
        [
          -0.9608498833881635,
          0.22514710060900117,
          0.16148153046188324,
          0.81791801882663
        ],
        [
          0.23911258644398736,
          0.9682616433443958,
          0.07276373426633735,
          0.4016077473373979
        ],
        [
          0.0,
          0.0,
          0.0,
          1.0
        ]
      ]
    },
    {
      "file_path": "./images/158.jpg",
      "sharpness": 84.34888283058861,
      "transform_matrix": [
        [
          -0.06107411431428484,
          0.2404544275528263,
          -0.9687371267909959,
          -4.010519479074268
        ],
        [
          -0.9938707226443549,
          0.07494957070511464,
          0.08126222075174437,
          0.368323559380148
        ],
        [
          0.09214629255162345,
          0.9677624864158086,
          0.2344031370259115,
          1.1214991737487832
        ],
        [
          0.0,
          0.0,
          0.0,
          1.0
        ]
      ]
    },
    {
      "file_path": "./images/167.jpg",
      "sharpness": 79.91392498457837,
      "transform_matrix": [
        [
          -0.3153193062468813,
          0.49956931034635754,
          0.8068483372111246,
          3.042956968533909
        ],
        [
          -0.947886118967868,
          -0.20671541782395975,
          -0.24244719322338473,
          -0.8934773627715538
        ],
        [
          0.045668814033148375,
          -0.8412486197234319,
          0.5387161768784485,
          1.5780456276388597
        ],
        [
          0.0,
          0.0,
          0.0,
          1.0
        ]
      ]
    },
    {
      "file_path": "./images/168.jpg",
      "sharpness": 80.27652957930836,
      "transform_matrix": [
        [
          -0.28536405552589317,
          0.19275140461198662,
          0.938836648105637,
          3.5263749396358763
        ],
        [
          -0.9541561020387361,
          -0.14942457169719323,
          -0.25934230336633274,
          -0.9869487323773135
        ],
        [
          0.09029667078764471,
          -0.9698036880656303,
          0.22655533066179503,
          0.38266633445229875
        ],
        [
          0.0,
          0.0,
          0.0,
          1.0
        ]
      ]
    },
    {
      "file_path": "./images/180.jpg",
      "sharpness": 81.34609185714875,
      "transform_matrix": [
        [
          -0.9826261788166453,
          -0.013635996581932139,
          0.18509417142017673,
          0.8072807544950695
        ],
        [
          0.1851074899698601,
          0.0002898402349166341,
          0.9827182369070473,
          4.2598431245715265
        ],
        [
          -0.013453990257592993,
          0.9999069834650428,
          0.002239320498015602,
          0.4841387688294538
        ],
        [
          0.0,
          0.0,
          0.0,
          1.0
        ]
      ]
    },
    {
      "file_path": "./images/182.jpg",
      "sharpness": 81.91752634391803,
      "transform_matrix": [
        [
          -0.8977634719514938,
          0.10266012993849886,
          0.42834757632431647,
          1.7598541518339392
        ],
        [
          0.4361175750651325,
          0.07067489790675882,
          0.8971100933136229,
          3.811810507106786
        ],
        [
          0.06182401752338671,
          0.9922025783675542,
          -0.10822122864923871,
          -0.46107105907948476
        ],
        [
          0.0,
          0.0,
          0.0,
          1.0
        ]
      ]
    },
    {
      "file_path": "./images/183.jpg",
      "sharpness": 76.39420872452044,
      "transform_matrix": [
        [
          -0.9446204609860606,
          0.05668614895566626,
          0.3232319062149721,
          1.365855217660415
        ],
        [
          0.32463458264219663,
          0.017328235412463353,
          0.9456807706674681,
          4.016020722200089
        ],
        [
          0.04800596246685305,
          0.998241660504296,
          -0.034770890031212226,
          -0.10932876216647645
        ],
        [
          0.0,
          0.0,
          0.0,
          1.0
        ]
      ]
    },
    {
      "file_path": "./images/184.jpg",
      "sharpness": 73.21283952153607,
      "transform_matrix": [
        [
          -0.8765670961145182,
          -0.032965797347669974,
          0.48014933323592107,
          1.8788500645072674
        ],
        [
          0.4792289277717107,
          0.03221442396670308,
          0.8770985495799596,
          3.7152510363836018
        ],
        [
          -0.04438198722757996,
          0.9989371787485135,
          -0.01243994035343148,
          0.28688868696996067
        ],
        [
          0.0,
          0.0,
          0.0,
          1.0
        ]
      ]
    },
    {
      "file_path": "./images/185.jpg",
      "sharpness": 82.67189520194783,
      "transform_matrix": [
        [
          -0.7829260965307432,
          -0.04886770536437786,
          0.6201924497572185,
          2.3817873285054314
        ],
        [
          0.6205606215093125,
          0.009075318725596828,
          0.784105958159995,
          3.294236155114563
        ],
        [
          -0.04394590309057128,
          0.9987640291654258,
          0.023220069748048393,
          0.3813634984562258
        ],
        [
          0.0,
          0.0,
          0.0,
          1.0
        ]
      ]
    },
    {
      "file_path": "./images/186.jpg",
      "sharpness": 80.91576243040649,
      "transform_matrix": [
        [
          -0.5604590635502138,
          0.0608548745321812,
          0.8259432924374387,
          3.3954010476287495
        ],
        [
          0.8227074302249187,
          -0.0735717814085049,
          0.5636840225100312,
          2.198724134699026
        ],
        [
          0.09506903983267122,
          0.9954315030269033,
          -0.008831785731098966,
          0.18386406142830738
        ],
        [
          0.0,
          0.0,
          0.0,
          1.0
        ]
      ]
    },
    {
      "file_path": "./images/187.jpg",
      "sharpness": 72.81466842717883,
      "transform_matrix": [
        [
          -0.26395692519975,
          -0.15487225145086142,
          0.9520196045050443,
          3.720486266216642
        ],
        [
          0.9623279566127327,
          -0.10901082347988462,
          0.2490814009230699,
          0.8496349667553251
        ],
        [
          0.06520464370059846,
          0.981901841370701,
          0.17781205905396386,
          0.855895490713331
        ],
        [
          0.0,
          0.0,
          0.0,
          1.0
        ]
      ]
    },
    {
      "file_path": "./images/188.jpg",
      "sharpness": 81.36811908065883,
      "transform_matrix": [
        [
          -0.1430130562643997,
          0.09855028001673972,
          0.9848020654115447,
          3.996046200109753
        ],
        [
          0.9842691484923064,
          0.11845611275556421,
          0.1310816260086456,
          0.4523913995291719
        ],
        [
          -0.10373769355410088,
          0.9880566743116892,
          -0.11394077091412835,
          -0.39333353341664173
        ],
        [
          0.0,
          0.0,
          0.0,
          1.0
        ]
      ]
    },
    {
      "file_path": "./images/191.jpg",
      "sharpness": 78.14385653928751,
      "transform_matrix": [
        [
          0.3584994054845952,
          -0.058319943349241885,
          0.9317064776351185,
          3.6035720557836193
        ],
        [
          0.9333204182183504,
          0.04353629811140682,
          -0.35639526888481204,
          -1.7159900243829265
        ],
        [
          -0.019778099071351245,
          0.9973481713758823,
          0.0700389309071244,
          0.2920893577212222
        ],
        [
          0.0,
          0.0,
          0.0,
          1.0
        ]
      ]
    },
    {
      "file_path": "./images/192.jpg",
      "sharpness": 81.38630159552793,
      "transform_matrix": [
        [
          0.457474269217354,
          0.23425631675472094,
          0.8578119089036164,
          3.409671529652975
        ],
        [
          0.8892225962294913,
          -0.12125834498804228,
          -0.4411117637579434,
          -2.150866242862999
        ],
        [
          0.0006836353295713716,
          0.9645830144801926,
          -0.26377858292770145,
          -1.1188552032305947
        ],
        [
          0.0,
          0.0,
          0.0,
          1.0
        ]
      ]
    },
    {
      "file_path": "./images/193.jpg",
      "sharpness": 77.33076372913858,
      "transform_matrix": [
        [
          0.6462939034166967,
          0.12861559662115174,
          0.752171668373983,
          2.8555651073078896
        ],
        [
          0.7623579842190118,
          -0.15194872039715043,
          -0.6290642974030498,
          -2.8441481639749275
        ],
        [
          0.03338404260485759,
          0.9799844971569396,
          -0.1962546586038734,
          -0.8409836572286822
        ],
        [
          0.0,
          0.0,
          0.0,
          1.0
        ]
      ]
    },
    {
      "file_path": "./images/194.jpg",
      "sharpness": 76.18633527469875,
      "transform_matrix": [
        [
          0.84088106843073,
          -0.014034147280377973,
          0.5410379575013319,
          1.7171066955079937
        ],
        [
          0.5284497417683179,
          -0.1945857169793427,
          -0.8263638842378294,
          -3.510847006925932
        ],
        [
          0.1168755713320147,
          0.9807851148189111,
          -0.15620710408869504,
          -0.8644394807331511
        ],
        [
          0.0,
          0.0,
          0.0,
          1.0
        ]
      ]
    },
    {
      "file_path": "./images/195.jpg",
      "sharpness": 70.70681419740586,
      "transform_matrix": [
        [
          0.9519829006562129,
          -0.10720459879406143,
          0.2867677297882266,
          0.7100967044822151
        ],
        [
          0.2946816446517416,
          0.0668807853060939,
          -0.9532521643627062,
          -3.900210953159262
        ],
        [
          0.08301376486139228,
          0.9919849467338634,
          0.09526059148072484,
          0.08883119128650553
        ],
        [
          0.0,
          0.0,
          0.0,
          1.0
        ]
      ]
    },
    {
      "file_path": "./images/196.jpg",
      "sharpness": 76.03893556737917,
      "transform_matrix": [
        [
          0.9814650067276125,
          -0.14177231811125193,
          0.1289459203652285,
          0.11424140534005568
        ],
        [
          0.13691023563365412,
          0.04789584305742607,
          -0.989424871122894,
          -4.1492630313686645
        ],
        [
          0.13409708401131099,
          0.9887399041342998,
          0.06641817540752225,
          0.05333819245316497
        ],
        [
          0.0,
          0.0,
          0.0,
          1.0
        ]
      ]
    },
    {
      "file_path": "./images/197.jpg",
      "sharpness": 82.24202684044252,
      "transform_matrix": [
        [
          0.9889378530973179,
          -0.14819496074114039,
          -0.006338478879513751,
          -0.4321218716731472
        ],
        [
          0.005771701583236151,
          0.08114530045032534,
          -0.9966855711184243,
          -4.1192424500406295
        ],
        [
          0.14821811685623218,
          0.9856235051063446,
          0.0811029963058188,
          0.18648820117224268
        ],
        [
          0.0,
          0.0,
          0.0,
          1.0
        ]
      ]
    },
    {
      "file_path": "./images/198.jpg",
      "sharpness": 79.37232332924995,
      "transform_matrix": [
        [
          0.9335501116005861,
          -0.11274377738362219,
          -0.34025436041895424,
          -1.7208270126928598
        ],
        [
          -0.33201369978017514,
          0.08578575988867607,
          -0.9393655872761155,
          -3.836135226519867
        ],
        [
          0.13509660351766936,
          0.9899139579044022,
          0.04265282706148573,
          0.07957438035061667
        ],
        [
          0.0,
          0.0,
          0.0,
          1.0
        ]
      ]
    },
    {
      "file_path": "./images/199.jpg",
      "sharpness": 84.83827818819346,
      "transform_matrix": [
        [
          0.8340469074947552,
          -0.14084819994721182,
          -0.533411230348941,
          -2.505697316147818
        ],
        [
          -0.5167147441518453,
          0.13936238659767627,
          -0.8447390119900297,
          -3.423165598607774
        ],
        [
          0.19331743136341317,
          0.9801734080079342,
          0.04345642596290888,
          0.08576222448281555
        ],
        [
          0.0,
          0.0,
          0.0,
          1.0
        ]
      ]
    },
    {
      "file_path": "./images/2.jpg",
      "sharpness": 89.37273549093615,
      "transform_matrix": [
        [
          0.25243116006442,
          -0.08779474790546742,
          -0.963623677407863,
          -4.0628692410742735
        ],
        [
          -0.9444173453981212,
          0.19440100593607282,
          -0.26511153615451843,
          -1.067149634575319
        ],
        [
          0.21060481271542345,
          0.9769853279982548,
          -0.033842011310645695,
          -0.1681864993015713
        ],
        [
          0.0,
          0.0,
          0.0,
          1.0
        ]
      ]
    },
    {
      "file_path": "./images/200.jpg",
      "sharpness": 86.84342717345096,
      "transform_matrix": [
        [
          0.7325686144452326,
          -0.1477621871386386,
          -0.6644618583290572,
          -3.033029865201813
        ],
        [
          -0.6538385527872136,
          0.11873287561193258,
          -0.747260096042899,
          -3.0415484829631776
        ],
        [
          0.18931025332658538,
          0.9818700730205313,
          -0.009632636419269338,
          -0.08867924468836931
        ],
        [
          0.0,
          0.0,
          0.0,
          1.0
        ]
      ]
    },
    {
      "file_path": "./images/201.jpg",
      "sharpness": 82.71655030305286,
      "transform_matrix": [
        [
          0.6513769534943178,
          -0.17607325050517256,
          -0.7380421904642778,
          -3.3994081230351916
        ],
        [
          -0.7375365464349736,
          0.08149238535171174,
          -0.670372160670816,
          -2.7306174299045214
        ],
        [
          0.1781794239686228,
          0.980998064003487,
          -0.07677819539378206,
          -0.3008739257219838
        ],
        [
          0.0,
          0.0,
          0.0,
          1.0
        ]
      ]
    },
    {
      "file_path": "./images/202.jpg",
      "sharpness": 83.2309578678025,
      "transform_matrix": [
        [
          0.5025439130595917,
          -0.11369895085097474,
          -0.8570426850597626,
          -3.8948764138940377
        ],
        [
          -0.8375601542297412,
          0.1817424878617068,
          -0.5152306824641645,
          -1.8880000729883415
        ],
        [
          0.21434225782884572,
          0.9767508467740315,
          -0.0038961297912946673,
          -0.09173540439742434
        ],
        [
          0.0,
          0.0,
          0.0,
          1.0
        ]
      ]
    },
    {
      "file_path": "./images/203.jpg",
      "sharpness": 81.87586988728555,
      "transform_matrix": [
        [
          0.3527218383303247,
          -0.02717204655218986,
          -0.9353336221067579,
          -4.11610933503661
        ],
        [
          -0.920811202626318,
