{
  "camera_angle_x": 0.8997201843644158,
  "camera_angle_y": 0.8997201843644158,
  "fl_x": 1308.806945410997,
  "fl_y": 1308.806945410997,
  "k1": 0.025013777532656798,
  "k2": 0,
  "k3": 0,
  "k4": 0,
  "p1": 0,
  "p2": 0,
  "is_fisheye": false,
  "cx": 633.2948193076243,
  "cy": 666.2641578910803,
  "w": 1264.0,
  "h": 1264.0,
  "aabb_scale": 2,
  "frames": [
    {
      "file_path": "./images/0.jpg",
      "sharpness": 81.54028923253183,
      "transform_matrix": [
        [
          -0.8860621680791525,
          0.0778697999312781,
          -0.45697935248706434,
          -1.9412676291474371
        ],
        [
          -0.4586459429325097,
          -0.004011529413925529,
          0.8886100419551961,
          3.9113824802110946
        ],
        [
          0.06736270006991736,
          0.9969554663738459,
          0.039269132265263205,
          0.19305072459819372
        ],
        [
          0.0,
          0.0,
          0.0,
          1.0
        ]
      ]
    },
    {
      "file_path": "./images/1.jpg",
      "sharpness": 79.60105019086866,
      "transform_matrix": [
        [
          -0.8303427477309052,
          0.1782186069559418,
          -0.527985842108798,
          -2.1412845260938327
        ],
        [
          -0.5300847936364795,
          0.039623446652714174,
          0.847018355191336,
          3.619567083356941
        ],
        [
          0.17187505017649937,
          0.9831928145853106,
          0.061569931922237614,
          0.25726793764652733
        ],
        [
          0.0,
          0.0,
          0.0,
          1.0
        ]
      ]
    },
    {
      "file_path": "./images/10.jpg",
      "sharpness": 93.44107010352022,
      "transform_matrix": [
        [
          0.36121105320929564,
          -0.0015616372683934987,
          -0.9324827807366931,
          -3.5935469993819584
        ],
        [
          -0.9313515418292839,
          0.0486666325232696,
          -0.3608543534604588,
          -1.4431422927634292
        ],
        [
          0.04594432043121513,
          0.9988138566369895,
          0.016124492312183845,
          -0.23905408247496132
        ],
        [
          0.0,
          0.0,
          0.0,
          1.0
        ]
      ]
    },
    {
      "file_path": "./images/100.jpg",
      "sharpness": 126.32453850407698,
      "transform_matrix": [
        [
          -0.957027335193654,
          -0.14874254112997007,
          0.2489464524597522,
          0.9409354763892946
        ],
        [
          -0.25690971519513756,
          0.03665433476730347,
          -0.9657400571486231,
          -3.478009242362769
        ],
        [
          0.13452166356369635,
          -0.9881963955829886,
          -0.07329260420475019,
          -0.30422659393108303
        ],
        [
          0.0,
          0.0,
          0.0,
          1.0
        ]
      ]
    },
    {
      "file_path": "./images/101.jpg",
      "sharpness": 126.78362685793446,
      "transform_matrix": [
        [
          -0.9167386457149034,
          -0.37781939116295354,
          0.12977967158235143,
          0.5247677723729579
        ],
        [
          -0.17190305874503706,
          0.07983428249358833,
          -0.9818736302259777,
          -3.5744972247460858
        ],
        [
          0.36061003020790716,
          -0.922431024544471,
          -0.1381354810088926,
          -0.6059970606284607
        ],
        [
          0.0,
          0.0,
          0.0,
          1.0
        ]
      ]
    },
    {
      "file_path": "./images/103.jpg",
      "sharpness": 107.11698466861807,
      "transform_matrix": [
        [
          -0.651726248572544,
          -0.6702066052171141,
          0.35507182834867823,
          1.4038987302640051
        ],
        [
          -0.2879540901873144,
          -0.21445532626778813,
          -0.9333227496317009,
          -3.5381025286238468
        ],
        [
          0.7016661163995804,
          -0.7105153196081699,
          -0.05322256796791621,
          -0.16743886919805406
        ],
        [
          0.0,
          0.0,
          0.0,
          1.0
        ]
      ]
    },
    {
      "file_path": "./images/104.jpg",
      "sharpness": 94.24837517283122,
      "transform_matrix": [
        [
          -0.39442279106736894,
          -0.7656249753176709,
          0.5081821121393445,
          2.0640667175783656
        ],
        [
          -0.1819636252060266,
          -0.4769924184175094,
          -0.8598647986017351,
          -3.321060108378201
        ],
        [
          0.9007329798718513,
          -0.431620933194808,
          0.048820784933130225,
          0.288589581359276
        ],
        [
          0.0,
          0.0,
          0.0,
          1.0
        ]
      ]
    },
    {
      "file_path": "./images/105.jpg",
      "sharpness": 74.77061678553545,
      "transform_matrix": [
        [
          -0.16864106561001782,
          -0.8319290745815856,
          0.5286342836949819,
          2.085713636538442
        ],
        [
          0.00278591151549616,
          -0.5367158042999057,
          -0.8437584868385262,
          -3.3263037921078165
        ],
        [
          0.9856735918797909,
          -0.1408196019995132,
          0.09283000595582679,
          0.33957593540482955
        ],
        [
          0.0,
          0.0,
          0.0,
          1.0
        ]
      ]
    },
    {
      "file_path": "./images/106.jpg",
      "sharpness": 77.30413732006012,
      "transform_matrix": [
        [
          -0.022440185276670153,
          -0.7490626794968734,
          0.6621189774592449,
          2.4731389732032096
        ],
        [
          0.21606297311602346,
          -0.6502678607686818,
          -0.72833268559079,
          -2.94420706527552
        ],
        [
          0.9761215240805612,
          0.1267154744186738,
          0.17643684085746253,
          0.5894095197177748
        ],
        [
          0.0,
          0.0,
          0.0,
          1.0
        ]
      ]
    },
    {
      "file_path": "./images/107.jpg",
      "sharpness": 76.06957395010173,
      "transform_matrix": [
        [
          0.08222448272594766,
          -0.7604397127699418,
          0.6441820998171104,
          2.2346501446906673
        ],
        [
          0.3580068930166923,
          -0.580689245811826,
          -0.7311846992048815,
          -2.9427566831500114
        ],
        [
          0.9300915003534128,
          0.2907429157617415,
          0.22449578603387463,
          0.5809279040580448
        ],
        [
          0.0,
          0.0,
          0.0,
          1.0
        ]
      ]
    },
    {
      "file_path": "./images/108.jpg",
      "sharpness": 73.58133166756703,
      "transform_matrix": [
        [
          0.41028557048892866,
          -0.7362792889092779,
          0.5381064573239996,
          1.7702009648745047
        ],
        [
          0.37428518920113374,
          -0.4021197578857608,
          -0.835589790185875,
          -3.3465727897856223
        ],
        [
          0.8316106948737998,
          0.5442357109510009,
          0.11059449868525582,
          0.11954066092812556
        ],
        [
          0.0,
          0.0,
          0.0,
          1.0
        ]
      ]
    },
    {
      "file_path": "./images/109.jpg",
      "sharpness": 75.00795412135294,
      "transform_matrix": [
        [
          0.6212494274251452,
          -0.5240491008318434,
          0.5825990807435493,
          1.871994050459352
        ],
        [
          0.34721422236201316,
          -0.48241877943425304,
          -0.8041855538611805,
          -3.367714568046041
        ],
        [
          0.7024894538347305,
          0.7018865016490268,
          -0.11774508947782628,
          -0.6646056810082234
        ],
        [
          0.0,
          0.0,
          0.0,
          1.0
        ]
      ]
    },
    {
      "file_path": "./images/11.jpg",
      "sharpness": 94.98761308864113,
      "transform_matrix": [
        [
          0.4170053933230975,
          -0.20845133331293872,
          -0.8846776495546098,
          -3.422986968420984
        ],
        [
          -0.9080154558066984,
          -0.1385728211546733,
          -0.3953549104964974,
          -1.652545247542575
        ],
        [
          -0.040180019486455325,
          0.9681661091561385,
          -0.24706264622115776,
          -1.327059974804587
        ],
        [
          0.0,
          0.0,
          0.0,
          1.0
        ]
      ]
    },
    {
      "file_path": "./images/110.jpg",
      "sharpness": 76.35098593605403,
      "transform_matrix": [
        [
          0.8543109189754472,
          -0.29169689378138725,
          0.43019271951019816,
          1.317818471923182
        ],
        [
          0.3863401737171686,
          -0.19730081119533388,
          -0.9010070255409538,
          -3.5672508178903857
        ],
        [
          0.3476983231551921,
          0.9359408699806576,
          -0.055862008710627256,
          -0.12715685085088893
        ],
        [
          0.0,
          0.0,
          0.0,
          1.0
        ]
      ]
    },
    {
      "file_path": "./images/111.jpg",
      "sharpness": 81.01799830419917,
      "transform_matrix": [
        [
          0.8605110005277333,
          -0.038362318521569766,
          0.5079853841700288,
          1.6908644564384736
        ],
        [
          0.5012983613684987,
          -0.11370878529868067,
          -0.8577705200317055,
          -3.433081805262739
        ],
        [
          0.09066846689132639,
          0.9927732090992597,
          -0.07861669319300159,
          -0.116804271527948
        ],
        [
          0.0,
          0.0,
          0.0,
          1.0
        ]
      ]
    },
    {
      "file_path": "./images/112.jpg",
      "sharpness": 76.94835550130799,
      "transform_matrix": [
        [
          0.8453384268655053,
          0.0005064876524953188,
          0.5342309309435143,
          1.8097425367290185
        ],
        [
          0.532968431658831,
          -0.06951434117538112,
          -0.8432748112130379,
          -3.456177220328114
        ],
        [
          0.036709602920509274,
          0.997580823734737,
          -0.05903308574359369,
          0.058279718711206976
        ],
        [
          0.0,
          0.0,
          0.0,
          1.0
        ]
      ]
    },
    {
      "file_path": "./images/113.jpg",
      "sharpness": 80.38164024682385,
      "transform_matrix": [
        [
          0.8049348533566376,
          0.017232649495684513,
          0.5931129046691278,
          2.1801147594775476
        ],
        [
          0.5918586434478154,
          -0.09445557251637465,
          -0.8004882828605434,
          -3.274386238525688
        ],
        [
          0.04222828497343415,
          0.9953799177469217,
          -0.08622987496571287,
          -0.06615847442522337
        ],
        [
          0.0,
          0.0,
          0.0,
          1.0
        ]
      ]
    },
    {
      "file_path": "./images/114.jpg",
      "sharpness": 74.98903200830422,
      "transform_matrix": [
        [
          0.7768665953408206,
          0.002885694365394896,
          0.6296586105609565,
          2.3859802019132657
        ],
        [
          0.6279185310959934,
          -0.07798288296782104,
          -0.7743623107244971,
          -3.070531451429396
        ],
        [
          0.046868020780223944,
          0.9969505217281708,
          -0.06239427775318356,
          0.04812494393337276
        ],
        [
          0.0,
          0.0,
          0.0,
          1.0
        ]
      ]
    },
    {
      "file_path": "./images/115.jpg",
      "sharpness": 80.5456831263743,
      "transform_matrix": [
        [
          0.8271896952104352,
          0.06816853616353956,
          0.5577725870432774,
          2.080839672096481
        ],
        [
          0.5607355447046198,
          -0.03564635251807571,
          -0.8272272882692374,
          -3.2115790521041174
        ],
        [
          -0.03650831505318451,
          0.9970368038702023,
          -0.06771081673216968,
          0.09086659167862493
        ],
        [
          0.0,
          0.0,
          0.0,
          1.0
        ]
      ]
    },
    {
      "file_path": "./images/116.jpg",
      "sharpness": 78.88085145126925,
      "transform_matrix": [
        [
          0.8107974303020942,
          0.06054045878495954,
          0.5821875813752732,
          2.125705133480516
        ],
        [
          0.5829018176597094,
          0.006932479847770877,
          -0.8125130224756235,
          -3.1442048080555014
        ],
        [
          -0.053225914824935036,
          0.9981416701127799,
          -0.029668306621512004,
          0.23589683355631577
        ],
        [
          0.0,
          0.0,
          0.0,
          1.0
        ]
      ]
    },
    {
      "file_path": "./images/117.jpg",
      "sharpness": 79.38498447978688,
      "transform_matrix": [
        [
          0.829894894830144,
          -0.09240242992552289,
          0.5502147349178192,
          1.866156886818755
        ],
        [
          0.5537954962575482,
          0.25612109565727526,
          -0.792283113971564,
          -2.8612717274606565
        ],
        [
          -0.06771271583399652,
          0.9622181537171591,
          0.263725639280284,
          1.3856206324630673
        ],
        [
          0.0,
          0.0,
          0.0,
          1.0
        ]
      ]
    },
    {
      "file_path": "./images/118.jpg",
      "sharpness": 81.59877229520518,
      "transform_matrix": [
        [
          0.8309264376645361,
          -0.07954804707446265,
          0.5506662904506916,
          1.9520134326514593
        ],
        [
          0.5474474804957334,
          0.2935518058454053,
          -0.7836635715561117,
          -2.808487829446075
        ],
        [
          -0.0993101772993039,
          0.95262765314175,
          0.2874683342503847,
          1.45552858685223
        ],
        [
          0.0,
          0.0,
          0.0,
          1.0
        ]
      ]
    },
    {
      "file_path": "./images/119.jpg",
      "sharpness": 79.7423853622117,
      "transform_matrix": [
        [
          0.734937486729231,
          0.011688913482014349,
          0.6780341141444834,
          2.6003812197172516
        ],
        [
          0.6633098625837927,
          0.19553221528195516,
          -0.7223483778526172,
          -2.5893557957204614
        ],
        [
          -0.14102098006800165,
          0.9806276164422402,
          0.13595058327841025,
          0.8681508721698914
        ],
        [
          0.0,
          0.0,
          0.0,
          1.0
        ]
      ]
    },
    {
      "file_path": "./images/12.jpg",
      "sharpness": 91.24079643318304,
      "transform_matrix": [
        [
          0.3381763125042819,
          -0.4466905763398092,
          -0.8283141376990845,
          -3.434214310283838
        ],
        [
          -0.9383017288096698,
          -0.22765930183578445,
          -0.2603096387011693,
          -1.141126409772946
        ],
        [
          -0.07229555575105068,
          0.8652391411258257,
          -0.4961195232247556,
          -2.3337464729623743
        ],
        [
          0.0,
          0.0,
          0.0,
          1.0
        ]
      ]
    },
    {
      "file_path": "./images/120.jpg",
      "sharpness": 78.11864429278386,
      "transform_matrix": [
        [
          0.47976123272178295,
          0.0029483066766203773,
          0.877394134415645,
          3.414284704435416
        ],
        [
          0.8766424597256177,
          0.03990966342724811,
          -0.4794843235932208,
          -1.7070068635536664
        ],
        [
          -0.03643017143015481,
          0.999198942300814,
          0.016562498506350002,
          0.3133013335700646
        ],
        [
          0.0,
          0.0,
          0.0,
          1.0
        ]
      ]
    },
    {
      "file_path": "./images/121.jpg",
      "sharpness": 83.0772868133363,
      "transform_matrix": [
        [
          0.064741193864286,
          0.06685594859644785,
          0.9956600122513002,
          3.9969352016468194
        ],
        [
          0.9813293971832365,
          0.1768185741766597,
          -0.07568227038365619,
          0.03177966773199466
        ],
        [
          -0.1811109937094226,
          0.9819702001610197,
          -0.054160262144688,
          -0.029718738475082614
        ],
        [
          0.0,
          0.0,
          0.0,
          1.0
        ]
      ]
    },
    {
      "file_path": "./images/122.jpg",
      "sharpness": 82.38749715405625,
      "transform_matrix": [
        [
          -0.26847505554555734,
          0.10489726186158461,
          0.9575582013881532,
          3.941651143916289
        ],
        [
          0.9628322472065579,
          -0.001306960086118328,
          0.2700969374036087,
          1.31124448648128
        ],
        [
          0.029583919520187938,
          0.994482205145744,
          -0.10064758018228787,
          -0.23403690737616076
        ],
        [
          0.0,
          0.0,
          0.0,
          1.0
        ]
      ]
    },
    {
      "file_path": "./images/123.jpg",
      "sharpness": 88.14233904710451,
      "transform_matrix": [
        [
          -0.480971002042404,
          0.08811709481281783,
          0.8722971241715965,
          3.64407708976924
        ],
        [
          0.8741204563243842,
          -0.028606185926650762,
          0.4848660783786449,
          2.0739784277214377
        ],
        [
          0.06767808391734575,
          0.9956992838054715,
          -0.06326620921800678,
          -0.17489295670829239
        ],
        [
          0.0,
          0.0,
          0.0,
          1.0
        ]
      ]
    },
    {
      "file_path": "./images/124.jpg",
      "sharpness": 87.53897038675811,
      "transform_matrix": [
        [
          -0.7549815673438817,
          0.2186141212618223,
          0.6182319136035118,
          2.7746982272939853
        ],
        [
          0.6297780498773184,
          -0.020957225335446552,
          0.7764923712434444,
          3.284483148708321
        ],
        [
          0.18270862292884754,
          0.9755863163930854,
          -0.12185605613297983,
          -0.49997477184484396
        ],
        [
          0.0,
          0.0,
          0.0,
          1.0
        ]
      ]
    },
    {
      "file_path": "./images/125.jpg",
      "sharpness": 87.20636730709029,
      "transform_matrix": [
        [
          -0.9532064937536686,
          0.17326736768779655,
          0.2477413966262847,
          1.314293767514368
        ],
        [
          0.2771404157963599,
          0.1733896132099899,
          0.9450551475778632,
          4.104992364799222
        ],
        [
          0.12079143280348432,
          0.9694918572975302,
          -0.21329549558613595,
          -0.8718909695177561
        ],
        [
          0.0,
          0.0,
          0.0,
          1.0
        ]
      ]
    },
    {
      "file_path": "./images/127.jpg",
      "sharpness": 76.18701479223891,
      "transform_matrix": [
        [
          -0.9472417975690519,
          0.3154359760148746,
          -0.056860548851178125,
          -0.05956839087984036
        ],
        [
          -0.01847139505253049,
          0.12338298250148198,
          0.9921872037040983,
          4.211103911217168
        ],
        [
          0.3199871630938012,
          0.9408914840224153,
          -0.1110469756073833,
          -0.5547900666202817
        ],
        [
          0.0,
          0.0,
          0.0,
          1.0
        ]
      ]
    },
    {
      "file_path": "./images/128.jpg",
      "sharpness": 77.19841979586796,
      "transform_matrix": [
        [
          -0.9492903162192182,
          0.23828214576074058,
          -0.2051085434252718,
          -0.7845510607018082
        ],
        [
          -0.17682354848796206,
          0.13478848235542776,
          0.9749694855351893,
          4.18726014916262
        ],
        [
          0.259964090350995,
          0.9617971117014423,
          -0.08581950648315255,
          -0.30461995798829417
        ],
        [
          0.0,
          0.0,
          0.0,
          1.0
        ]
      ]
    },
    {
      "file_path": "./images/129.jpg",
      "sharpness": 78.42612917506244,
      "transform_matrix": [
        [
          -0.9593118277475426,
          0.1365177148471719,
          -0.24715123046130677,
          -1.0632730007535984
        ],
        [
          -0.23510346246266794,
          0.09851496815192995,
          0.9669649233495469,
          4.224900756816433
        ],
        [
          0.15635593727065686,
          0.9857269980195783,
          -0.062410786710257654,
          -0.24523537790643776
        ],
        [
          0.0,
          0.0,
          0.0,
          1.0
        ]
      ]
    },
    {
      "file_path": "./images/13.jpg",
      "sharpness": 92.1022462688584,
      "transform_matrix": [
        [
          0.3478776237865178,
          -0.6091843011474704,
          -0.7126539455767272,
          -2.9940235354863343
        ],
        [
          -0.9374725876775154,
          -0.2351357732367967,
          -0.2566248536246285,
          -1.0810928664921133
        ],
        [
          -0.01123860443104662,
          0.7573675827619052,
          -0.6528920572300602,
          -2.9364919706910437
        ],
        [
          0.0,
          0.0,
          0.0,
          1.0
        ]
      ]
    },
    {
      "file_path": "./images/132.jpg",
      "sharpness": 74.30358554819774,
      "transform_matrix": [
        [
          -0.9467128919396666,
          -0.12808964999549233,
          -0.29551267627840994,
          -1.389542422679855
        ],
        [
          -0.29150662404149025,
          -0.04940208951118315,
          0.9552922702985552,
          4.051441079730344
        ],
        [
          -0.13696199623113636,
          0.9905314104853402,
          0.009430613584152451,
          -0.12130850027483674
        ],
        [
          0.0,
          0.0,
          0.0,
          1.0
        ]
      ]
    },
    {
      "file_path": "./images/133.jpg",
      "sharpness": 71.43552180523115,
      "transform_matrix": [
        [
          -0.9790440085149316,
          -0.015671437439750885,
          -0.20304491001142974,
          -1.1162647467955036
        ],
        [
          -0.20021189720780055,
          -0.108331854823554,
          0.9737450412953319,
          4.106288027969596
        ],
        [
          -0.03725621621094717,
          0.9939912551530946,
          0.102924045174524,
          0.16743543673431094
        ],
        [
          0.0,
          0.0,
          0.0,
          1.0
        ]
      ]
    },
    {
      "file_path": "./images/134.jpg",
      "sharpness": 71.31570436833886,
      "transform_matrix": [
        [
          -0.9611470215906311,
          0.03818912726586574,
          -0.27338250399045994,
          -1.3362718693307825
        ],
        [
          -0.27513207101706044,
          -0.05241025189662124,
          0.9599768273215257,
          4.147987541581546
        ],
        [
          0.022332631332594652,
          0.9978951628788324,
          0.06088101118624395,
          0.13804605405492537
        ],
        [
          0.0,
          0.0,
          0.0,
          1.0
        ]
      ]
    },
    {
      "file_path": "./images/135.jpg",
      "sharpness": 67.67347386920886,
      "transform_matrix": [
        [
          -0.9221152424735621,
          -0.32396845182115896,
          -0.2115370460805572,
          -1.2371786327812342
        ],
        [
          -0.18213667151881793,
          -0.11890444586558684,
          0.9760573577622116,
          4.243329296032886
        ],
        [
          -0.34136448632712635,
          0.9385660205970418,
          0.050637066438719756,
          0.1214856640769537
        ],
        [
          0.0,
          0.0,
          0.0,
          1.0
        ]
      ]
    },
    {
      "file_path": "./images/136.jpg",
      "sharpness": 70.07183059805699,
      "transform_matrix": [
        [
          -0.8783956548467545,
          -0.4376935633361023,
          -0.1919516038027534,
          -1.2392357748929428
        ],
        [
          -0.136329805363835,
          -0.1554773407449556,
          0.9783869278995102,
          4.234727919760853
        ],
        [
          -0.45807778570478014,
          0.8855795510115004,
          0.07689994223888307,
          0.1718947893153734
        ],
        [
          0.0,
          0.0,
          0.0,
          1.0
        ]
      ]
    },
    {
      "file_path": "./images/137.jpg",
      "sharpness": 66.71071467796058,
      "transform_matrix": [
        [
          -0.9376565302428977,
          -0.30905920340921283,
          -0.15900515753545622,
          -0.9561168862493032
        ],
        [
          -0.165017111453161,
          -0.0067697139560688666,
          0.9862674707709435,
          4.298008096746817
        ],
        [
          -0.3058914582989415,
          0.9510187063371773,
          -0.04465239051581874,
          -0.08697587644045902
        ],
        [
          0.0,
          0.0,
          0.0,
          1.0
        ]
      ]
    },
    {
      "file_path": "./images/138.jpg",
      "sharpness": 60.73425827318278,
      "transform_matrix": [
        [
          -0.9318951247153948,
          -0.2570799152390837,
          -0.25589332495066597,
          -1.1254128459143242
        ],
        [
          -0.28604098980098625,
          0.08702381555713741,
          0.9542575164387522,
          4.234703561916873
        ],
        [
          -0.22305162792952338,
          0.9624639072446479,
          -0.15463246286476923,
          -0.27357222263369624
        ],
        [
          0.0,
          0.0,
          0.0,
          1.0
        ]
      ]
    },
    {
      "file_path": "./images/139.jpg",
      "sharpness": 77.23257670627635,
      "transform_matrix": [
        [
          -0.8530334531657736,
          -0.4270962698977705,
          -0.2998711457633917,
          -1.2633779211691727
        ],
        [
          -0.3490261995757141,
          0.039734864074576534,
          0.9362701814043926,
          4.084043127035868
        ],
        [
          -0.387962162877529,
          0.9033326723077464,
          -0.18296295624799097,
          -0.3202913228295747
        ],
        [
          0.0,
          0.0,
          0.0,
          1.0
        ]
      ]
    },
    {
      "file_path": "./images/14.jpg",
      "sharpness": 93.1746355820774,
      "transform_matrix": [
        [
          0.285827370862257,
          -0.6290809839406304,
          -0.7228829986603788,
          -2.99437038378936
        ],
        [
          -0.9578332278963634,
          -0.1644876508410017,
          -0.2355829371129156,
          -1.0489073291448343
        ],
        [
          0.02929541959607192,
          0.7597374075332659,
          -0.6495697422352666,
          -2.9414477450148606
        ],
        [
          0.0,
          0.0,
          0.0,
          1.0
        ]
      ]
    },
    {
      "file_path": "./images/140.jpg",
      "sharpness": 71.25353412196938,
      "transform_matrix": [
        [
          -0.6012985332421333,
          -0.7226585139448443,
          -0.34088817255201315,
          -1.4520710710129698
        ],
        [
          -0.3870107807892258,
          -0.10984074507308408,
          0.9155095118430006,
          3.8358058320592776
        ],
        [
          -0.6990441541905478,
          0.6824219244615851,
          -0.21362955682310728,
          -0.7300950189926794
        ],
        [
          0.0,
          0.0,
          0.0,
          1.0
        ]
      ]
    },
    {
      "file_path": "./images/15.jpg",
      "sharpness": 87.93785449626434,
      "transform_matrix": [
        [
          0.26897199043131076,
          -0.7974841432903509,
          -0.5400676898369661,
          -2.3350634159312906
        ],
        [
          -0.925477910202534,
          -0.05871130012880285,
          -0.3742240251034702,
          -1.5007739400981854
        ],
        [
          0.2667296498304202,
          0.6004764978575224,
          -0.7538456536084661,
          -3.217227192710593
        ],
        [
          0.0,
          0.0,
          0.0,
          1.0
        ]
      ]
    },
    {
      "file_path": "./images/153.jpg",
      "sharpness": 79.2285618470058,
      "transform_matrix": [
        [
          -0.04353560180175688,
          0.9627996090167494,
          -0.2666862656660753,
          -1.0810901105681552
        ],
        [
          -0.031110850862565993,
          0.2655033765837517,
          0.9636078413864945,
          3.961673352947618
        ],
        [
          0.9985673569552451,
          0.05024808391388475,
          0.01839466576668487,
          -0.366922726747257
        ],
        [
          0.0,
          0.0,
          0.0,
          1.0
        ]
      ]
    },
    {
      "file_path": "./images/155.jpg",
      "sharpness": 87.0474246549175,
      "transform_matrix": [
        [
          -0.6406554794617301,
          0.6993118327728178,
          -0.3170544388926705,
          -1.082184407063716
        ],
        [
          -0.2841944149582618,
          0.16763351412910052,
          0.9439981670784989,
          3.9411392197240134
        ],
        [
          0.7132980381156543,
          0.6948826991116925,
          0.09134518782002722,
          0.06950356815864793
        ],
        [
          0.0,
          0.0,
          0.0,
          1.0
        ]
      ]
    },
    {
      "file_path": "./images/156.jpg",
      "sharpness": 86.47034959160345,
      "transform_matrix": [
        [
          -0.8218191417986779,
          0.40427531620518636,
          -0.4014657730397997,
          -1.4032818282345374
        ],
        [
          -0.35803037917251873,
          0.18168627686035174,
          0.9158626230993987,
          3.8709260616493517
        ],
        [
          0.4432014731444852,
          0.896410377867262,
          -0.004570415374938453,
          -0.10474248887853257
        ],
        [
          0.0,
          0.0,
          0.0,
          1.0
        ]
      ]
    },
    {
      "file_path": "./images/157.jpg",
      "sharpness": 84.72221005850206,
      "transform_matrix": [
        [
          -0.883645964883918,
          0.28394189433453704,
          -0.3722187655506459,
          -1.3766479193816896
        ],
        [
          -0.3833915739263179,
          0.01737243788949358,
          0.9234224923860053,
          3.895706975555514
        ],
        [
          0.26866467914503456,
          0.9586840976493177,
          0.093509845131291,
          0.45519898560366184
        ],
        [
          0.0,
          0.0,
          0.0,
          1.0
        ]
      ]
    },
    {
      "file_path": "./images/158.jpg",
      "sharpness": 79.47216867874847,
      "transform_matrix": [
        [
          -0.8755136653061542,
          0.22575960942572393,
          -0.4272100427846834,
          -1.7029590542120536
        ],
        [
          -0.46733301527391924,
          -0.1709678139953233,
          0.8673925636140499,
          3.6234944943662795
        ],
        [
          0.1227830392485395,
          0.9590634000789043,
          0.2551895764804121,
          1.181242036254732
        ],
        [
          0.0,
          0.0,
          0.0,
          1.0
        ]
      ]
    },
    {
      "file_path": "./images/16.jpg",
      "sharpness": 96.57429175591969,
      "transform_matrix": [
        [
          0.37080188516827267,
          -0.8353212971747589,
          -0.4058870439961046,
          -1.8268904635679883
        ],
        [
          -0.8543045053463338,
          -0.13538623991814172,
          -0.5018310255315918,
          -1.8939088935962247
        ],
        [
          0.3642386224914667,
          0.5328310206506198,
          -0.7638202205756315,
          -3.2092874947980077
        ],
        [
          0.0,
          0.0,
          0.0,
          1.0
        ]
      ]
    },
    {
      "file_path": "./images/167.jpg",
      "sharpness": 75.01328507431832,
      "transform_matrix": [
        [
          -0.9748388612808337,
          0.056450497897762374,
          0.21564446634621837,
          0.8470876022781804
        ],
        [
          -0.21299761716581544,
          -0.5211771615751654,
          -0.826442001192125,
          -3.026988973429415
        ],
        [
          0.06573590842879483,
          -0.8515795368435229,
          0.5200875722555585,
          1.5501506306371864
        ],
        [
          0.0,
          0.0,
          0.0,
          1.0
        ]
      ]
    },
    {
      "file_path": "./images/168.jpg",
      "sharpness": 74.60042753429329,
      "transform_matrix": [
        [
          -0.9639876590488171,
          -0.05862618426785795,
          0.25940463326959917,
          0.9807527829572302
        ],
        [
          -0.24001379615779053,
          -0.2283379422432031,
          -0.9435333389903994,
          -3.4741645454144683
        ],
        [
          0.11454767956365149,
          -0.9718151854598248,
          0.20604386537467473,
          0.366581070911602
        ],
        [
          0.0,
          0.0,
          0.0,
          1.0
        ]
      ]
    },
    {
      "file_path": "./images/17.jpg",
      "sharpness": 99.6540819680214,
      "transform_matrix": [
        [
          0.3660843947559678,
          -0.912794179704571,
          -0.18107733556571595,
          -0.833629105258506
        ],
        [
          -0.8236298273144025,
          -0.2272458181048783,
          -0.5196087429135479,
          -1.8936232713022023
        ],
        [
          0.43314676899421245,
          0.33936134678195856,
          -0.8349956603854165,
          -3.5485789048281124
        ],
        [
          0.0,
          0.0,
          0.0,
          1.0
        ]
      ]
    },
    {
      "file_path": "./images/180.jpg",
      "sharpness": 83.22690967852354,
      "transform_matrix": [
        [
          -0.36347676711700105,
          0.02134333281266859,
          0.9313587396661847,
          4.052939078704611
        ],
        [
          0.9315989579122956,
          0.011366675973847343,
          0.3633100332970953,
          1.5215853143284106
        ],
        [
          -0.002832206054354693,
          0.9997075876795248,
          -0.024014949242498022,
          0.33856051857169867
        ],
        [
          0.0,
          0.0,
          0.0,
          1.0
        ]
      ]
    },
    {
      "file_path": "./images/181.jpg",
      "sharpness": 75.10703951824806,
      "transform_matrix": [
        [
          -0.16675480751166147,
          -0.07360853405267437,
          0.9832469770756115,
          4.030415085906904
        ],
        [
          0.9846893113366013,
          0.038936839993844105,
          0.16991433909782142,
          0.7276549091821121
        ],
        [
          -0.050791675636343604,
          0.9965268216401071,
          0.06598863144653881,
          0.39123520823262786
        ],
        [
          0.0,
          0.0,
          0.0,
          1.0
        ]
      ]
    },
    {
      "file_path": "./images/182.jpg",
      "sharpness": 80.59958203866404,
      "transform_matrix": [
        [
          -0.1048411975142043,
          0.14061578253444215,
          0.9844976003261647,
          4.135128854108075
        ],
        [
          0.9923054091155465,
          -0.05077388194013583,
          0.11292470036738067,
          0.4849088807498941
        ],
        [
          0.06586576003893438,
          0.9887614548803776,
          -0.13421060703089374,
          -0.5849486626408177
        ],
        [
          0.0,
          0.0,
          0.0,
          1.0
        ]
      ]
    },
    {
      "file_path": "./images/183.jpg",
      "sharpness": 76.487356007424,
      "transform_matrix": [
        [
          -0.22768209540342607,
          0.06800739585931669,
          0.9713577392408538,
          4.114605158206105
        ],
        [
          0.9721651275002654,
          -0.04075589685989972,
          0.23072477488090365,
          0.9394608366849169
        ],
        [
          0.05527954693444297,
          0.996852020623822,
          -0.05683503066942581,
          -0.22076074270700632
        ],
        [
          0.0,
          0.0,
          0.0,
          1.0
        ]
      ]
    },
    {
      "file_path": "./images/184.jpg",
      "sharpness": 78.21203285354713,
      "transform_matrix": [
        [
          -0.058926659336448695,
          0.033688827120509086,
          0.9976936963761239,
          4.132649306924187
        ],
        [
          0.9973128728726928,
          0.04556561669082202,
          0.05736556613777439,
          0.32373632477442726
        ],
        [
          -0.043527949903638175,
          0.9983931277532915,
          -0.036283330531461815,
          0.16396851560994768
        ],
        [
          0.0,
          0.0,
          0.0,
          1.0
        ]
      ]
    },
    {
      "file_path": "./images/185.jpg",
      "sharpness": 86.16580734683139,
      "transform_matrix": [
        [
          0.11200136972758573,
          0.004105663999951956,
          0.9936995706672249,
          4.030497917692439
        ],
        [
          0.9925229986949016,
          0.04836045190210054,
          -0.11206856719799442,
          -0.3271276033274049
        ],
        [
          -0.04851587617426126,
          0.9988215107100533,
          0.0013414709088141626,
          0.2697419478121503
        ],
        [
          0.0,
          0.0,
          0.0,
          1.0
        ]
      ]
    },
    {
      "file_path": "./images/186.jpg",
      "sharpness": 85.45922113458177,
      "transform_matrix": [
        [
          0.40615075900541003,
          -0.007597682279552329,
          0.9137744996580235,
          3.6199874241452332
        ],
        [
          0.9101612870033837,
          -0.0858594725176576,
          -0.4052586613752252,
          -1.7472471713482416
        ],
        [
          0.08153522309088998,
          0.996278287550684,
          -0.027956773649050717,
          0.08318892313613317
        ],
        [
          0.0,
          0.0,
          0.0,
          1.0
        ]
      ]
    },
    {
      "file_path": "./images/187.jpg",
      "sharpness": 73.71682932617287,
      "transform_matrix": [
        [
          0.679937946872568,
          -0.14651953651915173,
          0.7184820205564593,
          2.6633152237546796
        ],
        [
          0.7322065014286484,
          0.0829216197419517,
          -0.6760160088676125,
          -2.7134736122809
        ],
        [
          0.03947185939879743,
          0.9857261437334636,
          0.16366411310432558,
          0.7803097169311756
        ],
        [
          0.0,
          0.0,
          0.0,
          1.0
        ]
      ]
    },
    {
      "file_path": "./images/188.jpg",
      "sharpness": 79.45405523390497,
      "transform_matrix": [
        [
          0.7568295576039759,
          0.18196866996779204,
          0.6277709964064011,
          2.428702374276734
        ],
        [
          0.6408641520588055,
          -0.01782598340130222,
