{
  "camera_angle_x": 0.9153764408178728,
  "camera_angle_y": 0.9153764408178728,
  "fl_x": 1283.059054194184,
  "fl_y": 1283.059054194184,
  "k1": 0.0162318786771699,
  "k2": 0,
  "k3": 0,
  "k4": 0,
  "p1": 0,
  "p2": 0,
  "is_fisheye": false,
  "cx": 641.1746884505724,
  "cy": 645.8029492077809,
  "w": 1264.0,
  "h": 1264.0,
  "aabb_scale": 2,
  "frames": [
    {
      "file_path": "./images/0.jpg",
      "sharpness": 88.06527809250754,
      "transform_matrix": [
        [
          0.15074274591292497,
          0.0675927779181946,
          -0.9862595200503967,
          -4.227981800976124
        ],
        [
          -0.9683004343981224,
          0.21110184313858402,
          -0.13353007364065053,
          -0.4690786022607606
        ],
        [
          0.19917553388262133,
          0.97512421165663,
          0.09727218772235324,
          0.45534741161585346
        ],
        [
          0.0,
          0.0,
          0.0,
          1.0
        ]
      ]
    },
    {
      "file_path": "./images/10.jpg",
      "sharpness": 94.1378439590618,
      "transform_matrix": [
        [
          0.9992534951526378,
          0.0071765967513824054,
          0.037959832012426385,
          0.258364750283721
        ],
        [
          0.036588800859894736,
          0.13952971053546895,
          -0.9895416714459785,
          -3.7533443699905518
        ],
        [
          -0.012398065917325524,
          0.9901918785257552,
          0.13916296786081503,
          0.2373441282950144
        ],
        [
          0.0,
          0.0,
          0.0,
          1.0
        ]
      ]
    },
    {
      "file_path": "./images/100.jpg",
      "sharpness": 126.88584204453826,
      "transform_matrix": [
        [
          -0.05387198741261432,
          -0.1186652537935092,
          0.9914718182966391,
          3.6386399286826334
        ],
        [
          -0.957144931077332,
          -0.27681257869257386,
          -0.0851374018226725,
          -0.2539796766954652
        ],
        [
          0.2845547221183151,
          -0.953568746227987,
          -0.09866740240848272,
          -0.5040640821468365
        ],
        [
          0.0,
          0.0,
          0.0,
          1.0
        ]
      ]
    },
    {
      "file_path": "./images/101.jpg",
      "sharpness": 126.56841683930833,
      "transform_matrix": [
        [
          -0.11428149691714073,
          -0.23342343782153202,
          0.9656361830938511,
          3.5715966288527885
        ],
        [
          -0.8557347277016376,
          -0.470613867041121,
          -0.21503642471121912,
          -0.7384886113486623
        ],
        [
          0.504636319793569,
          -0.8509031007063732,
          -0.14596608480796527,
          -0.7328983953352486
        ],
        [
          0.0,
          0.0,
          0.0,
          1.0
        ]
      ]
    },
    {
      "file_path": "./images/103.jpg",
      "sharpness": 111.23585949926142,
      "transform_matrix": [
        [
          0.10353408136396132,
          -0.032510299354987005,
          0.9940944494332901,
          3.8415004603234766
        ],
        [
          -0.598123922219521,
          -0.8005895904982985,
          0.036112065200993186,
          0.18795470251692348
        ],
        [
          0.7946876541384181,
          -0.5983305006484353,
          -0.1023334955645268,
          -0.4329949613070434
        ],
        [
          0.0,
          0.0,
          0.0,
          1.0
        ]
      ]
    },
    {
      "file_path": "./images/104.jpg",
      "sharpness": 95.2685801051499,
      "transform_matrix": [
        [
          0.0982793337863908,
          0.20047305146584338,
          0.9747572662712409,
          3.8566733127481783
        ],
        [
          -0.2968042060229097,
          -0.9290157945358525,
          0.2209907617720849,
          0.9494334313606863
        ],
        [
          0.9498675885627836,
          -0.3110308813206051,
          -0.03180180849470843,
          -0.08545593299745417
        ],
        [
          0.0,
          0.0,
          0.0,
          1.0
        ]
      ]
    },
    {
      "file_path": "./images/105.jpg",
      "sharpness": 74.13945162920604,
      "transform_matrix": [
        [
          0.0007338280565403734,
          0.25173042732132406,
          0.9677971137687452,
          3.8787421807621305
        ],
        [
          -0.01507452302611771,
          -0.9676846216520496,
          0.2517125975636547,
          0.9795929636811359
        ],
        [
          0.9998861036201129,
          -0.014773793642394034,
          0.0030846019977789395,
          -0.04264406306127115
        ],
        [
          0.0,
          0.0,
          0.0,
          1.0
        ]
      ]
    },
    {
      "file_path": "./images/107.jpg",
      "sharpness": 77.65810734109633,
      "transform_matrix": [
        [
          -0.25921194173060674,
          0.336328566408845,
          0.9053685794436023,
          3.579719046767636
        ],
        [
          0.33042162810668474,
          -0.8499625366268652,
          0.41034769891974476,
          1.2700944862957717
        ],
        [
          0.9075410276729918,
          0.40552038387806477,
          0.10919020702572405,
          0.16866392864597904
        ],
        [
          0.0,
          0.0,
          0.0,
          1.0
        ]
      ]
    },
    {
      "file_path": "./images/108.jpg",
      "sharpness": 75.14555870387241,
      "transform_matrix": [
        [
          -0.17476461413886113,
          0.18870446656267884,
          0.9663580878257789,
          3.786991199329919
        ],
        [
          0.6269716365958463,
          -0.7354310753988869,
          0.25699747127265804,
          0.6358184333868051
        ],
        [
          0.7591863384745892,
          0.6507931757633904,
          0.010214979884065414,
          -0.2151558834981197
        ],
        [
          0.0,
          0.0,
          0.0,
          1.0
        ]
      ]
    },
    {
      "file_path": "./images/109.jpg",
      "sharpness": 76.78697183352827,
      "transform_matrix": [
        [
          -0.08787972933711731,
          0.3420134708345671,
          0.9355767947642962,
          3.794129742245461
        ],
        [
          0.7957515402425731,
          -0.5408700130095377,
          0.27246855823601507,
          0.6110885184878199
        ],
        [
          0.5992133504511765,
          0.768431138599554,
          -0.22462623585047375,
          -1.0083283399366807
        ],
        [
          0.0,
          0.0,
          0.0,
          1.0
        ]
      ]
    },
    {
      "file_path": "./images/11.jpg",
      "sharpness": 96.35907766058848,
      "transform_matrix": [
        [
          0.9906652375738146,
          0.1167249372623461,
          0.07041076654905716,
          0.4524719074588717
        ],
        [
          0.08412931717028115,
          -0.11710463898808347,
          -0.9895497771807698,
          -3.814276385464626
        ],
        [
          -0.10725970826179226,
          0.9862361748131107,
          -0.1258314842727505,
          -0.8434955354727623
        ],
        [
          0.0,
          0.0,
          0.0,
          1.0
        ]
      ]
    },
    {
      "file_path": "./images/110.jpg",
      "sharpness": 77.97512031401267,
      "transform_matrix": [
        [
          -0.06850106726844393,
          0.1574239114747305,
          0.9851524327946344,
          3.832314895840817
        ],
        [
          0.9749616361768514,
          -0.19883765766445302,
          0.09956602772255511,
          0.10510737670608454
        ],
        [
          0.21155947571340872,
          0.9673062069237369,
          -0.13986168254159043,
          -0.3827779660160623
        ],
        [
          0.0,
          0.0,
          0.0,
          1.0
        ]
      ]
    },
    {
      "file_path": "./images/111.jpg",
      "sharpness": 82.49110239295463,
      "transform_matrix": [
        [
          -0.18910849289416282,
          0.16175062563256548,
          0.9685425715913982,
          3.8214315317008833
        ],
        [
          0.981012328637009,
          0.07435674236131358,
          0.17912533580201356,
          0.5003113686618815
        ],
        [
          -0.043044035329166626,
          0.9840263258336341,
          -0.1727408493947636,
          -0.42684774390458735
        ],
        [
          0.0,
          0.0,
          0.0,
          1.0
        ]
      ]
    },
    {
      "file_path": "./images/114.jpg",
      "sharpness": 76.39729402791268,
      "transform_matrix": [
        [
          -0.33742719735962035,
          0.14235768103767277,
          0.9305252157215916,
          3.718570384305799
        ],
        [
          0.9385213991632657,
          0.12746946433708928,
          0.320825683156476,
          1.292784662040659
        ],
        [
          -0.07294155052870269,
          0.9815731385242029,
          -0.17661739408931057,
          -0.3757794926709314
        ],
        [
          0.0,
          0.0,
          0.0,
          1.0
        ]
      ]
    },
    {
      "file_path": "./images/115.jpg",
      "sharpness": 81.61851697103606,
      "transform_matrix": [
        [
          -0.2622196479345345,
          0.12375280657164033,
          0.9570402807953475,
          3.7571975379614506
        ],
        [
          0.95106763762078,
          0.20110481734519428,
          0.23457877378305633,
          0.9694202038549474
        ],
        [
          -0.16343562924355462,
          0.9717212024382672,
          -0.1704309237972269,
          -0.28677280343222766
        ],
        [
          0.0,
          0.0,
          0.0,
          1.0
        ]
      ]
    },
    {
      "file_path": "./images/116.jpg",
      "sharpness": 79.69677884437615,
      "transform_matrix": [
        [
          -0.289063404618506,
          0.08109686881554708,
          0.9538687781559779,
          3.716001881281039
        ],
        [
          0.9407828730296672,
          0.20841354331716114,
          0.267378721618996,
          1.0528445356938199
        ],
        [
          -0.17711559480389408,
          0.97467281320061,
          -0.1365392736378654,
          -0.15031046402287984
        ],
        [
          0.0,
          0.0,
          0.0,
          1.0
        ]
      ]
    },
    {
      "file_path": "./images/118.jpg",
      "sharpness": 81.9821154760052,
      "transform_matrix": [
        [
          -0.2512053586256777,
          -0.23647351502070882,
          0.9386032945039144,
          3.412397110065126
        ],
        [
          0.9412722381540535,
          0.1663459672084293,
          0.29382918995996443,
          1.1789870593283485
        ],
        [
          -0.22561569421479225,
          0.9572926907950529,
          0.18079895639917018,
          1.0786307059215225
        ],
        [
          0.0,
          0.0,
          0.0,
          1.0
        ]
      ]
    },
    {
      "file_path": "./images/12.jpg",
      "sharpness": 94.27869595618876,
      "transform_matrix": [
        [
          0.990232239273616,
          0.1207346620928755,
          -0.0697370320173221,
          -0.14682002082032514
        ],
        [
          -0.015574324060709951,
          -0.40125472536300416,
          -0.9158340929461456,
          -3.6965589994895938
        ],
        [
          -0.13855523337472958,
          0.9079745517968534,
          -0.3954550044625328,
          -1.8505262133252092
        ],
        [
          0.0,
          0.0,
          0.0,
          1.0
        ]
      ]
    },
    {
      "file_path": "./images/120.jpg",
      "sharpness": 77.3255202542806,
      "transform_matrix": [
        [
          -0.6730297391810763,
          0.02721548440300022,
          0.7391145293854458,
          2.7711545480807867
        ],
        [
          0.7313710115699681,
          0.17328277393542724,
          0.659598001581981,
          2.733813129063827
        ],
        [
          -0.11012453678358343,
          0.9844960119917744,
          -0.1365290765045229,
          -0.27254307129203853
        ],
        [
          0.0,
          0.0,
          0.0,
          1.0
        ]
      ]
    },
    {
      "file_path": "./images/121.jpg",
      "sharpness": 82.34139271318267,
      "transform_matrix": [
        [
          -0.9153523204953988,
          -0.08811042133787395,
          0.3928952570055505,
          1.2849176873730894
        ],
        [
          0.3561327672996028,
          0.2781409688498547,
          0.8920801833363237,
          3.789246466949185
        ],
        [
          -0.18788182826096783,
          0.9564905410211401,
          -0.2232179730825618,
          -0.6987065066173396
        ],
        [
          0.0,
          0.0,
          0.0,
          1.0
        ]
      ]
    },
    {
      "file_path": "./images/124.jpg",
      "sharpness": 88.01536128940643,
      "transform_matrix": [
        [
          -0.8320259446109253,
          0.1330480671744324,
          -0.5385452991880545,
          -2.1648150127562995
        ],
        [
          -0.4687937865325189,
          0.3504064322571401,
          0.810831497871107,
          3.6169602870768895
        ],
        [
          0.2965893004932409,
          0.9270995329621561,
          -0.22917513559495614,
          -0.9507542428062657
        ],
        [
          0.0,
          0.0,
          0.0,
          1.0
        ]
      ]
    },
    {
      "file_path": "./images/125.jpg",
      "sharpness": 87.94671042305853,
      "transform_matrix": [
        [
          -0.5715014742312239,
          -0.06721494534878124,
          -0.817843637888933,
          -3.4069957417971963
        ],
        [
          -0.7743372290039231,
          0.3740847346862298,
          0.510355236136396,
          2.488162324757698
        ],
        [
          0.2716393209891303,
          0.9249555461549794,
          -0.265837011889602,
          -1.106406832427163
        ],
        [
          0.0,
          0.0,
          0.0,
          1.0
        ]
      ]
    },
    {
      "file_path": "./images/127.jpg",
      "sharpness": 78.39742454210756,
      "transform_matrix": [
        [
          -0.2761670790166553,
          0.021961574780277427,
          -0.9608586959916038,
          -3.958719037057942
        ],
        [
          -0.8429538521491806,
          0.47471497414716546,
          0.2531294065609347,
          1.2938494041835966
        ],
        [
          0.4616931314180085,
          0.8798655479803136,
          -0.11258805371539261,
          -0.5686036108735069
        ],
        [
          0.0,
          0.0,
          0.0,
          1.0
        ]
      ]
    },
    {
      "file_path": "./images/128.jpg",
      "sharpness": 78.32051008392389,
      "transform_matrix": [
        [
          -0.12771706604139743,
          -0.01646421797341491,
          -0.991673978951958,
          -4.14316357318536
        ],
        [
          -0.9080740403182092,
          0.4040398343106414,
          0.11024223142231279,
          0.6305088550785669
        ],
        [
          0.39886073801791083,
          0.9145932110964533,
          -0.06655351113780608,
          -0.21344404098869488
        ],
        [
          0.0,
          0.0,
          0.0,
          1.0
        ]
      ]
    },
    {
      "file_path": "./images/129.jpg",
      "sharpness": 78.71264774974554,
      "transform_matrix": [
        [
          -0.08080354865888263,
          -0.012196180445561899,
          -0.996655426749274,
          -4.2688817662704786
        ],
        [
          -0.9516443803754949,
          0.29827856500804456,
          0.07350422406269855,
          0.39051811475809606
        ],
        [
          0.296384479718074,
          0.9544009381823712,
          -0.03570839312459375,
          -0.10876791909169485
        ],
        [
          0.0,
          0.0,
          0.0,
          1.0
        ]
      ]
    },
    {
      "file_path": "./images/13.jpg",
      "sharpness": 95.56405272525964,
      "transform_matrix": [
        [
          0.996200866717741,
          0.07487985641971844,
          -0.044461671307888445,
          -0.1023123937203839
        ],
        [
          0.006139153661081316,
          -0.5696688027799242,
          -0.8218514257030839,
          -3.343791783116566
        ],
        [
          -0.08686854381854694,
          0.8184561455664353,
          -0.5679642540160988,
          -2.491142184241184
        ],
        [
          0.0,
          0.0,
          0.0,
          1.0
        ]
      ]
    },
    {
      "file_path": "./images/132.jpg",
      "sharpness": 74.00699821949874,
      "transform_matrix": [
        [
          -0.03934129144712122,
          0.04597087286698729,
          -0.9981677923060965,
          -4.2033837820030575
        ],
        [
          -0.9992178702299581,
          0.0021777323823331616,
          0.0394829747277906,
          0.045862970920958895
        ],
        [
          0.003988809135928718,
          0.9989404067762021,
          0.04584924287441595,
          0.06506941981046793
        ],
        [
          0.0,
          0.0,
          0.0,
          1.0
        ]
      ]
    },
    {
      "file_path": "./images/134.jpg",
      "sharpness": 70.47934031597391,
      "transform_matrix": [
        [
          -0.05117083636871879,
          0.10096696299170192,
          -0.9935729554751704,
          -4.25535229390088
        ],
        [
          -0.9849776754774271,
          0.15919372039741245,
          0.06690544219787355,
          0.16427411281184864
        ],
        [
          0.1649258145746812,
          0.9820707875360541,
          0.09130412869019833,
          0.3087016926489392
        ],
        [
          0.0,
          0.0,
          0.0,
          1.0
        ]
      ]
    },
    {
      "file_path": "./images/135.jpg",
      "sharpness": 66.21156096035376,
      "transform_matrix": [
        [
          -0.1474510909565749,
          0.04527858051043705,
          -0.9880324012322583,
          -4.3190056566501065
        ],
        [
          -0.9684995457272587,
          -0.2092806264338252,
          0.1349453568083661,
          0.28475866198724237
        ],
        [
          -0.2006659056640463,
          0.9768067718381725,
          0.07471094133927624,
          0.2804557948330888
        ],
        [
          0.0,
          0.0,
          0.0,
          1.0
        ]
      ]
    },
    {
      "file_path": "./images/136.jpg",
      "sharpness": 69.3844359058229,
      "transform_matrix": [
        [
          -0.18363597956562,
          0.04045919225910125,
          -0.982161331316206,
          -4.315393315524711
        ],
        [
          -0.9289350184039713,
          -0.33391997658328487,
          0.15992867416448253,
          0.28806346513081926
        ],
        [
          -0.3214927037783517,
          0.9417327131227149,
          0.09890368250221834,
          0.3303467294424848
        ],
        [
          0.0,
          0.0,
          0.0,
          1.0
        ]
      ]
    },
    {
      "file_path": "./images/137.jpg",
      "sharpness": 67.93207125584185,
      "transform_matrix": [
        [
          -0.1661595481167538,
          -0.055184869408929416,
          -0.984553520495489,
          -4.301287755026447
        ],
        [
          -0.9721469174502132,
          -0.15819204164634218,
          0.17293249795913868,
          0.5352569448518865
        ],
        [
          -0.16529178883371043,
          0.9858650557300375,
          -0.027362682530160505,
          0.037854565432262795
        ],
        [
          0.0,
          0.0,
          0.0,
          1.0
        ]
      ]
    },
    {
      "file_path": "./images/138.jpg",
      "sharpness": 61.90227207161328,
      "transform_matrix": [
        [
          -0.04284327159098026,
          -0.12502012723548678,
          -0.9912287434429607,
          -4.32019386379086
        ],
        [
          -0.9952297559282366,
          -0.08169854310730007,
          0.053320549207085635,
          0.3282051722672932
        ],
        [
          -0.08764808607150557,
          0.9887847671768499,
          -0.12092351784375728,
          -0.11339324037896935
        ],
        [
          0.0,
          0.0,
          0.0,
          1.0
        ]
      ]
    },
    {
      "file_path": "./images/139.jpg",
      "sharpness": 72.9386125835085,
      "transform_matrix": [
        [
          0.032528179718341696,
          -0.14417704380034127,
          -0.9890171371251923,
          -4.207138032103531
        ],
        [
          -0.9655231499258181,
          -0.26024378047430513,
          0.006182368506088808,
          0.14958435445160798
        ],
        [
          -0.25827691433422667,
          0.95471784037388,
          -0.14767152993894725,
          -0.16081967808761607
        ],
        [
          0.0,
          0.0,
          0.0,
          1.0
        ]
      ]
    },
    {
      "file_path": "./images/140.jpg",
      "sharpness": 76.6989819906686,
      "transform_matrix": [
        [
          0.1398977541069084,
          -0.10740194239660826,
          -0.9843238497198902,
          -4.045677769764845
        ],
        [
          -0.7817665400659468,
          -0.6220706870886822,
          -0.04323351821111141,
          -0.17746406486311594
        ],
        [
          -0.6076756496805168,
          0.7755597223997862,
          -0.1709895369232067,
          -0.5500559874145003
        ],
        [
          0.0,
          0.0,
          0.0,
          1.0
        ]
      ]
    },
    {
      "file_path": "./images/141.jpg",
      "sharpness": 73.51914321513752,
      "transform_matrix": [
        [
          0.26545680137252037,
          -0.15290876374228274,
          -0.9519199527995951,
          -3.917822972229484
        ],
        [
          -0.2798206838755466,
          -0.9570629397878081,
          0.07570280152489556,
          0.0940719150761326
        ],
        [
          -0.922622930262051,
          0.24627106863942333,
          -0.2968459015491828,
          -1.0582935830496143
        ],
        [
          0.0,
          0.0,
          0.0,
          1.0
        ]
      ]
    },
    {
      "file_path": "./images/143.jpg",
      "sharpness": 75.15481294330291,
      "transform_matrix": [
        [
          0.33574727768749707,
          0.11544044289213069,
          -0.9348514692893253,
          -3.7205366891214813
        ],
        [
          0.3808516172390472,
          -0.9243590474097273,
          0.022636190420700607,
          -0.2803614039548897
        ],
        [
          -0.8615252817743078,
          -0.3636397332681049,
          -0.35431671314388374,
          -1.4549129128407576
        ],
        [
          0.0,
          0.0,
          0.0,
          1.0
        ]
      ]
    },
    {
      "file_path": "./images/15.jpg",
      "sharpness": 92.71148887302434,
      "transform_matrix": [
        [
          0.9810933400144882,
          -0.15363210922259274,
          0.11769890890377796,
          0.4615742426267771
        ],
        [
          -0.027027534523121018,
          -0.7109555590710062,
          -0.702717372349804,
          -2.9025037952040837
        ],
        [
          0.19163864568319156,
          0.6862502226011432,
          -0.7016660611867145,
          -2.8962148719026395
        ],
        [
          0.0,
          0.0,
          0.0,
          1.0
        ]
      ]
    },
    {
      "file_path": "./images/153.jpg",
      "sharpness": 80.68135507282571,
      "transform_matrix": [
        [
          -0.0008911520756160621,
          0.043417293099875034,
          -0.9990566272589174,
          -4.00657959834984
        ],
        [
          0.08553755923420606,
          0.9953987333663148,
          0.04318202834013677,
          0.2586709163101667
        ],
        [
          0.99633454811584,
          -0.08541838367830094,
          -0.004600860927624586,
          -0.3923575624536203
        ],
        [
          0.0,
          0.0,
          0.0,
          1.0
        ]
      ]
    },
    {
      "file_path": "./images/155.jpg",
      "sharpness": 88.08446477563605,
      "transform_matrix": [
        [
          0.09987542135298882,
          0.08609751786642358,
          -0.9912679343088375,
          -3.9884690500995434
        ],
        [
          -0.5917224576987434,
          0.8060747565749773,
          0.01039326061094012,
          0.32389172317666126
        ],
        [
          0.7999308927897179,
          0.5855174670444336,
          0.13145289082861542,
          0.20280947459784204
        ],
        [
          0.0,
          0.0,
          0.0,
          1.0
        ]
      ]
    },
    {
      "file_path": "./images/156.jpg",
      "sharpness": 87.48553846468587,
      "transform_matrix": [
        [
          0.09795686102111476,
          -0.011448794780254085,
          -0.9951248054586296,
          -4.036707990198599
        ],
        [
          -0.8236639800061317,
          0.5602830148900095,
          -0.08752480371184612,
          -0.026102514181165944
        ],
        [
          0.5585535797100745,
          0.8282221128999847,
          0.045453605547094204,
          0.07830339178189813
        ],
        [
          0.0,
          0.0,
          0.0,
          1.0
        ]
      ]
    },
    {
      "file_path": "./images/157.jpg",
      "sharpness": 85.37695084030675,
      "transform_matrix": [
        [
          0.0912597256131575,
          0.11004015670490924,
          -0.989728662995811,
          -4.017216861930063
        ],
        [
          -0.9132234046947248,
          0.4055776513250383,
          -0.039112425928560436,
          0.08890969183563308
        ],
        [
          0.3971078891086235,
          0.9074127686032988,
          0.13750415173395006,
          0.6251873597593937
        ],
        [
          0.0,
          0.0,
          0.0,
          1.0
        ]
      ]
    },
    {
      "file_path": "./images/158.jpg",
      "sharpness": 79.897549143871,
      "transform_matrix": [
        [
          0.16593988685142833,
          0.2724536252339077,
          -0.9477515370658822,
          -3.83226796357715
        ],
        [
          -0.9535867180409073,
          0.28921742677991585,
          -0.08381915784206156,
          -0.20291079464505393
        ],
        [
          0.25126942735878177,
          0.9176722193171741,
          0.3078008653804698,
          1.3971522749275862
        ],
        [
          0.0,
          0.0,
          0.0,
          1.0
        ]
      ]
    },
    {
      "file_path": "./images/159.jpg",
      "sharpness": 82.12110169562418,
      "transform_matrix": [
        [
          -0.00033703492335740583,
          0.44713761249774137,
          -0.8944651149482505,
          -3.4444336255451256
        ],
        [
          -0.9616782260729336,
          0.24509987914469358,
          0.12288628377101393,
          0.6550611064108747
        ],
        [
          0.2741803711070518,
          0.8602290419967883,
          0.4299198987783322,
          1.883100119714392
        ],
        [
          0.0,
          0.0,
          0.0,
          1.0
        ]
      ]
    },
    {
      "file_path": "./images/16.jpg",
      "sharpness": 101.10043929014029,
      "transform_matrix": [
        [
          0.9573798824600575,
          -0.09460296927152015,
          0.2728993199476403,
          0.9521242794338481
        ],
        [
          0.09827871904647477,
          -0.7817616749487305,
          -0.6157840343517497,
          -2.535500386294194
        ],
        [
          0.2715972275343081,
          0.6163594420215667,
          -0.7391454418361955,
          -2.9768292808607786
        ],
        [
          0.0,
          0.0,
          0.0,
          1.0
        ]
      ]
    },
    {
      "file_path": "./images/167.jpg",
      "sharpness": 79.36210540756011,
      "transform_matrix": [
        [
          -0.10473119884028516,
          0.4900341804111917,
          0.8653888594038608,
          3.254657696805656
        ],
        [
          -0.9698345948979037,
          -0.24292654810749845,
          0.020187886525638733,
          0.09122148307529719
        ],
        [
          0.22011868281349065,
          -0.8371697523312203,
          0.5006940894586448,
          1.3631970189152012
        ],
        [
          0.0,
          0.0,
          0.0,
          1.0
        ]
      ]
    },
    {
      "file_path": "./images/180.jpg",
      "sharpness": 84.54354023521306,
      "transform_matrix": [
        [
          -0.998038614260971,
          0.047024598791255756,
          -0.04132325634153866,
          -0.0694972984332815
        ],
        [
          -0.03198692509266495,
          0.18435579150281892,
          0.9823389327320092,
          4.36547941389267
        ],
        [
          0.05381227581907122,
          0.9817339910636379,
          -0.18249002636340933,
          -0.3281623761637236
        ],
        [
          0.0,
          0.0,
          0.0,
          1.0
        ]
      ]
    },
    {
      "file_path": "./images/182.jpg",
      "sharpness": 83.69363710190345,
      "transform_matrix": [
        [
          -0.967138860556006,
          0.14752015500602453,
          0.20707541677257452,
          0.8898414088440474
        ],
        [
          0.2410183963714311,
          0.27264413673429916,
          0.9314372267166102,
          3.9638286732652057
        ],
        [
          0.08094786581876212,
          0.9507381230046204,
          -0.2992398109305029,
          -1.254988959433601
        ],
        [
          0.0,
          0.0,
          0.0,
          1.0
        ]
      ]
    },
    {
      "file_path": "./images/183.jpg",
      "sharpness": 80.5206334308901,
      "transform_matrix": [
        [
          -0.9890657671177746,
          0.11347342559579567,
          0.09419495719724164,
          0.4682064774726722
        ],
        [
          0.11645721568165782,
          0.20909318434197835,
          0.9709365361216896,
          4.1470102761847665
        ],
        [
          0.09047997124051645,
          0.9712897723683174,
          -0.22002170996904316,
          -0.8892794484183907
        ],
        [
          0.0,
          0.0,
          0.0,
          1.0
        ]
      ]
    },
    {
      "file_path": "./images/184.jpg",
      "sharpness": 76.75497741212365,
      "transform_matrix": [
        [
          -0.9632537280548904,
          0.023951379674699087,
          0.2675230583746754,
          1.067633025966263
        ],
        [
          0.26656811970857064,
          0.20732349170453296,
          0.9412536360307221,
          4.031571202364654
        ],
        [
          -0.032919491366950555,
          0.9779791926014377,
          -0.20608980054205908,
          -0.5222002345592257
        ],
        [
          0.0,
          0.0,
          0.0,
          1.0
        ]
      ]
    },
    {
      "file_path": "./images/185.jpg",
      "sharpness": 85.50027461099775,
      "transform_matrix": [
        [
          -0.904366039667274,
          0.014550891864614814,
          0.4265094814943523,
          1.6486697134993489
        ],
        [
          0.4220378188984953,
          0.17872232152080816,
          0.8887870449146924,
          3.7518903983692082
        ],
        [
          -0.06329412050208268,
          0.9837919512264848,
          -0.16777142477948434,
          -0.4023047436052826
        ],
        [
          0.0,
          0.0,
          0.0,
          1.0
        ]
      ]
    },
    {
      "file_path": "./images/186.jpg",
      "sharpness": 84.73790967736647,
      "transform_matrix": [
        [
          -0.724124589472839,
          0.14183180375520313,
          0.6749276393262056,
          2.8572031678614502
        ],
        [
          0.6893822785976713,
          0.12063075487116885,
          0.7142830635912296,
          2.8808520052926063
        ],
        [
          0.019891024685600334,
          0.9825130840776476,
          -0.18512802789926347,
          -0.5254394323041928
        ],
        [
          0.0,
          0.0,
          0.0,
          1.0
        ]
      ]
    },
    {
      "file_path": "./images/187.jpg",
      "sharpness": 74.91030385676764,
      "transform_matrix": [
        [
          -0.4675654501979813,
          -0.06063565928172562,
          0.8818763329213093,
          3.5021305579193087
        ],
        [
          0.8817171165578054,
          0.03900753845850851,
          0.47016309756399993,
          1.767910595193068
        ],
        [
          -0.06290847436280789,
          0.9973974778029372,
          0.035224921381997135,
          0.3100368801658165
        ],
        [
          0.0,
          0.0,
          0.0,
          1.0
        ]
      ]
    },
    {
      "file_path": "./images/191.jpg",
      "sharpness": 75.29150924519426,
      "transform_matrix": [
        [
          0.13794188353111295,
          0.0010925228759686805,
          0.9904397221051673,
          3.899212538195375
        ],
        [
          0.9705198567165633,
          0.19940266810132654,
          -0.13538753144773524,
          -0.7888257862406474
        ],
        [
          -0.1976442371565343,
          0.9799170282784279,
          0.02644566447398171,
          0.17451360941118263
        ],
        [
          0.0,
          0.0,
          0.0,
          1.0
        ]
      ]
    },
    {
      "file_path": "./images/192.jpg",
      "sharpness": 78.91842558959418,
      "transform_matrix": [
        [
          0.2457807200398596,
          0.3244955254733198,
          0.9133972255084798,
          3.721770128274377
        ],
        [
          0.9533340190011026,
          0.08953599570567754,
          -0.2883358348987792,
          -1.4781399555203465
        ],
        [
          -0.17534561831897272,
          0.9416400370531715,
          -0.28734640195332734,
          -1.1333901045831167
        ],
        [
          0.0,
          0.0,
          0.0,
          1.0
        ]
      ]
    },
    {
      "file_path": "./images/193.jpg",
      "sharpness": 76.01030609000364,
      "transform_matrix": [
        [
          0.4637069090206437,
          0.22842480343248933,
          0.8560362210008733,
          3.35340337186784
        ],
        [
          0.8742317024123135,
          0.03891365638945725,
          -0.4839469576743397,
          -2.2203099298114015
        ],
        [
          -0.1438569880394697,
          0.9727835506853091,
          -0.18165167345493655,
          -0.705744298194203
        ],
        [
          0.0,
          0.0,
          0.0,
          1.0
        ]
      ]
    },
    {
      "file_path": "./images/194.jpg",
      "sharpness": 73.93370094455356,
      "transform_matrix": [
        [
          0.7049931495227117,
          0.0948604823433597,
          0.7028414814008483,
          2.4274880571932607
        ],
        [
          0.7075147147616045,
          -0.025506349236744694,
          -0.7062381712588156,
          -3.0845823507398107
        ],
        [
          -0.04906717329222237,
          0.9951637629048576,
          -0.08509698858854924,
          -0.4921510524483935
        ],
        [
          0.0,
          0.0,
          0.0,
          1.0
        ]
      ]
    },
    {
      "file_path": "./images/195.jpg",
      "sharpness": 65.83164187576966,
      "transform_matrix": [
        [
          0.8646136616734217,
          -0.05413837776445977,
          0.49951201393241457,
          1.595392569665053
        ],
        [
          0.49912310949232164,
          0.20654972164918217,
          -0.8415541183167835,
          -3.5059012634887825
        ],
        [
          -0.05761369267149158,
          0.9769371773569413,
          0.2056074266053925,
          0.5903031593333166
        ],
        [
          0.0,
          0.0,
          0.0,
          1.0
        ]
      ]
    },
    {
      "file_path": "./images/198.jpg",
      "sharpness": 77.52561006029933,
      "transform_matrix": [
        [
          0.9903667550774873,
          -0.06874285280386735,
          -0.1202002936260127,
          -0.7811605480978535
        ],
        [
          -0.102270283379826,
          0.22208749921378473,
          -0.9696483547291536,
          -3.944384320103926
        ],
        [
          0.09335137673682233,
          0.9726004127308076,
          0.21291772490304073,
          0.8005274119502661
        ],
        [
          0.0,
          0.0,
          0.0,
          1.0
        ]
      ]
    },
    {
      "file_path": "./images/199.jpg",
      "sharpness": 83.28713389590014,
      "transform_matrix": [
        [
          0.9378050457416391,
          -0.1097283674469804,
          -0.3293651188590696,
          -1.6286268970822462
        ],
        [
          -0.2908924099079326,
          0.26945117346854,
          -0.918029232090656,
          -3.701358997987106
        ],
        [
          0.18948166668209426,
          0.9567422591574671,
          0.22077352081788712,
          0.8277109362581787
        ],
        [
          0.0,
          0.0,
          0.0,
          1.0
        ]
      ]
    },
    {
      "file_path": "./images/200.jpg",
      "sharpness": 85.57463984077945,
      "transform_matrix": [
        [
          0.8682643839721721,
          -0.11286602221220295,
          -0.4830923519551152,
          -2.234525444247373
        ],
        [
          -0.4457475350593424,
          0.24997639949623818,
          -0.8595469357062447,
          -3.465683827796354
        ],
        [
          0.21777533030376128,
          0.9616512157161641,
          0.1667358533231404,
          0.649967991747811
        ],
        [
          0.0,
          0.0,
          0.0,
          1.0
        ]
      ]
    },
    {
      "file_path": "./images/201.jpg",
      "sharpness": 81.26300149981546,
      "transform_matrix": [
        [
          0.8072317660307902,
          -0.13329376333789736,
          -0.5749866507390746,
          -2.6633888214471635
        ],
        [
          -0.5439018415546315,
          0.21035411649530242,
          -0.8123557917720158,
          -3.279171895155167
        ],
        [
          0.22923276956744043,
          0.9684956986437779,
          0.09730580160311983,
          0.435799091797586
        ],
        [
          0.0,
          0.0,
          0.0,
          1.0
        ]
      ]
    },
    {
      "file_path": "./images/202.jpg",
      "sharpness": 81.80053796281146,
      "transform_matrix": [
        [
          0.6877624988684089,
          -0.09592620510840638,
          -0.7195699467639606,
          -3.3013922221850183
        ],
        [
          -0.6640079359179638,
          0.31747765930474175,
          -0.6769796133407019,
          -2.544752799290446
        ],
        [
          0.29338746764818957,
          0.9434013456535061,
          0.1546534668438464,
          0.5492456703591888
        ],
        [
          0.0,
          0.0,
          0.0,
          1.0
        ]
      ]
    },
    {
      "file_path": "./images/203.jpg",
      "sharpness": 80.04921528097638,
      "transform_matrix": [
        [
          0.5587164266333042,
          -0.0087967397691662,
          -0.8293121076781957,
          -3.6666518065388347
        ],
        [
          -0.7834757711508953,
          0.32238666326550447,
